2 0.6583 0.6586 0.2217 0.2580
2 0.4798 0.6393 0.1578 0.2646
2 0.9442 0.5260 0.1147 0.1956
2 0.5964 0.5152 0.1169 0.2066
2 0.6217 0.3722 0.0905 0.1210
3 0.054947916666666666 0.9254629629629629 0.10989583333333333 0.14537037037037037
2 0.48020833333333335 0.4078703703703704 0.06666666666666667 0.10833333333333334
2 0.46640625 0.4726851851851852 0.09635416666666667 0.15462962962962962
2 0.90703125 0.6453703703703704 0.18385416666666668 0.30925925925925923
2 0.9825520833333333 0.37453703703703706 0.028645833333333332 0.10648148148148148
1 0.26927083333333335 0.4324074074074074 0.07395833333333333 0.16111111111111112
1 0.14010416666666667 0.8287037037037037 0.228125 0.3351851851851852
4 0.6390625 0.5037037037037037 0.040625 0.0962962962962963
4 0.421875 0.4375 0.025 0.10648148148148148
4 0.33255208333333336 0.4398148148148148 0.016145833333333335 0.13333333333333333
