3 0.46953125 0.24212962962962964 0.1171875 0.09166666666666666
2 0.37552083333333336 0.2708333333333333 0.053125 0.09166666666666666
2 0.40729166666666666 0.2935185185185185 0.046875 0.07962962962962963
2 0.38958333333333334 0.33287037037037037 0.071875 0.125
2 0.22734375 0.26481481481481484 0.0421875 0.05
2 0.22239583333333332 0.28379629629629627 0.0375 0.06018518518518518
2 0.25390625 0.2861111111111111 0.050520833333333334 0.06481481481481481
2 0.2734375 0.2601851851851852 0.06354166666666666 0.04814814814814815
2 0.27682291666666664 0.3189814814814815 0.06302083333333333 0.11388888888888889
2 0.19166666666666668 0.33611111111111114 0.08645833333333333 0.13148148148148148
2 0.22604166666666667 0.3592592592592593 0.09479166666666666 0.13333333333333333
2 0.15130208333333334 0.2824074074074074 0.04114583333333333 0.06296296296296296
2 0.16510416666666666 0.32731481481481484 0.03125 0.09537037037037037
2 0.11588541666666667 0.2898148148148148 0.0421875 0.06111111111111111
2 0.1109375 0.3314814814814815 0.052083333333333336 0.08703703703703704
2 0.06927083333333334 0.2884259259259259 0.036458333333333336 0.04351851851851852
2 0.06354166666666666 0.3578703703703704 0.07083333333333333 0.10833333333333334
