4 0.7822916666666667 0.5518518518518518 0.034375 0.2351851851851852
2 0.48125 0.5555555555555556 0.22291666666666668 0.4074074074074074
2 0.91328125 0.5305555555555556 0.1703125 0.4444444444444444
1 0.7502604166666667 0.3819444444444444 0.06822916666666666 0.11388888888888889
1 0.8020833333333334 0.38287037037037036 0.084375 0.125
2 0.584375 0.5324074074074074 0.059375 0.18703703703703703
2 0.6372395833333333 0.5115740740740741 0.06927083333333334 0.18055555555555555
2 0.08046875 0.46574074074074073 0.11302083333333333 0.11666666666666667
2 0.0140625 0.4685185185185185 0.028125 0.08703703703703704
2 0.028645833333333332 0.5236111111111111 0.05625 0.13425925925925927
2 0.0671875 0.5444444444444444 0.10833333333333334 0.17592592592592593
