2 0.3272 0.3807 0.1152 0.1141
2 0.3256 0.7544 0.2988 0.3366
2 0.7523 0.6799 0.2780 0.2652
2 0.7027 0.8163 0.3609 0.3524
2 0.010546875 0.45555555555555555 0.02109375 0.12777777777777777
2 0.16171875 0.5694444444444444 0.1671875 0.2777777777777778
2 0.900390625 0.3909722222222222 0.03203125 0.0625
2 0.949609375 0.4076388888888889 0.06953125 0.0875
2 0.780859375 0.36041666666666666 0.06328125 0.05416666666666667
2 0.3484375 0.55625 0.19375 0.20972222222222223
0 0.965234375 0.42777777777777776 0.03359375 0.06666666666666667
0 0.95390625 0.44305555555555554 0.05625 0.06944444444444445
0 0.923046875 0.4354166666666667 0.04609375 0.08194444444444444
0 0.89140625 0.43472222222222223 0.05 0.06944444444444445
0 0.839453125 0.42083333333333334 0.04296875 0.07777777777777778
4 0.215234375 0.37222222222222223 0.02578125 0.1111111111111111
4 0.18671875 0.45694444444444443 0.03125 0.08888888888888889
