2 0.0078125 0.34953703703703703 0.013541666666666667 0.09166666666666666
2 0.015104166666666667 0.30648148148148147 0.020833333333333332 0.05925925925925926
2 0.037760416666666664 0.30833333333333335 0.034895833333333334 0.05
2 0.07447916666666667 0.2962962962962963 0.025 0.05
2 0.115625 0.2902777777777778 0.042708333333333334 0.06574074074074074
2 0.14010416666666667 0.2810185185185185 0.03854166666666667 0.05462962962962963
2 0.1625 0.275 0.017708333333333333 0.04814814814814815
2 0.16119791666666666 0.30787037037037035 0.030729166666666665 0.06574074074074074
2 0.19322916666666667 0.275 0.021875 0.044444444444444446
2 0.26666666666666666 0.2777777777777778 0.051041666666666666 0.06111111111111111
2 0.29921875 0.28703703703703703 0.0296875 0.07592592592592592
2 0.2484375 0.28564814814814815 0.052083333333333336 0.05277777777777778
2 0.24088541666666666 0.30462962962962964 0.06197916666666667 0.053703703703703705
2 0.2578125 0.34953703703703703 0.115625 0.12685185185185185
3 0.39505208333333336 0.2972222222222222 0.1421875 0.2574074074074074
