2 0.3963541666666667 0.2708333333333333 0.07083333333333333 0.075
2 0.3927083333333333 0.32731481481481484 0.06041666666666667 0.12685185185185185
2 0.31223958333333335 0.2875 0.033854166666666664 0.10277777777777777
2 0.28489583333333335 0.2828703703703704 0.058333333333333334 0.07685185185185185
2 0.2625 0.3365740740740741 0.078125 0.1175925925925926
2 0.19921875 0.2851851851851852 0.016145833333333335 0.05925925925925926
2 0.16171875 0.2791666666666667 0.0296875 0.04351851851851852
2 0.16614583333333333 0.30925925925925923 0.03229166666666667 0.08888888888888889
2 0.11484375 0.29074074074074074 0.04739583333333333 0.06111111111111111
2 0.1203125 0.28935185185185186 0.0375 0.04537037037037037
2 0.11197916666666667 0.33194444444444443 0.053125 0.08796296296296297
2 0.06380208333333333 0.3587962962962963 0.0796875 0.11944444444444445
3 0.47265625 0.2412037037037037 0.1171875 0.08981481481481482
