3 0.10494791666666667 0.27685185185185185 0.20989583333333334 0.5537037037037037
3 0.8005208333333333 0.12453703703703704 0.10104166666666667 0.19537037037037036
2 0.3541666666666667 0.38055555555555554 0.30416666666666664 0.3592592592592593
2 0.7953125 0.4111111111111111 0.2625 0.3333333333333333
2 0.8950520833333333 0.19907407407407407 0.0828125 0.1388888888888889
2 0.84609375 0.1 0.04010416666666667 0.08518518518518518
2 0.7627604166666667 0.04351851851851852 0.04114583333333333 0.07592592592592592
2 0.7546875 0.08472222222222223 0.04479166666666667 0.10648148148148148
2 0.72109375 0.10648148148148148 0.08072916666666667 0.12407407407407407
2 0.6552083333333333 0.06481481481481481 0.07604166666666666 0.10185185185185185
2 0.6354166666666666 0.11666666666666667 0.10833333333333334 0.13703703703703704
2 0.5364583333333334 0.08333333333333333 0.07916666666666666 0.1037037037037037
2 0.5083333333333333 0.10601851851851851 0.05416666666666667 0.1287037037037037
2 0.5763020833333333 0.14907407407407408 0.1796875 0.1574074074074074
2 0.6018229166666667 0.24768518518518517 0.24114583333333334 0.21574074074074073
2 0.3190104166666667 0.07268518518518519 0.06927083333333334 0.1175925925925926
2 0.28229166666666666 0.2013888888888889 0.11041666666666666 0.19166666666666668
2 0.22786458333333334 0.04583333333333333 0.06302083333333333 0.08055555555555556
1 0.40182291666666664 0.03564814814814815 0.06197916666666667 0.06944444444444445
