3 0.7541666666666667 0.1884259259259259 0.215625 0.2657407407407407
2 0.128125 0.1726851851851852 0.08229166666666667 0.12314814814814815
2 0.27057291666666666 0.2 0.11927083333333334 0.2111111111111111
2 0.11666666666666667 0.3375 0.196875 0.28055555555555556
2 0.22395833333333334 0.07361111111111111 0.05416666666666667 0.09907407407407408
2 0.32916666666666666 0.07222222222222222 0.04791666666666667 0.10925925925925926
2 0.9747395833333333 0.27824074074074073 0.0484375 0.15462962962962962
2 0.9427083333333334 0.38287037037037036 0.11145833333333334 0.2324074074074074
2 0.771875 0.04722222222222222 0.042708333333333334 0.046296296296296294
2 0.7723958333333333 0.06805555555555555 0.046875 0.04351851851851852
2 0.6901041666666666 0.060648148148148145 0.05520833333333333 0.07685185185185185
2 0.6544270833333333 0.0875 0.0734375 0.11388888888888889
2 0.71640625 0.09675925925925925 0.09322916666666667 0.10833333333333334
2 0.51953125 0.08009259259259259 0.0734375 0.10277777777777777
2 0.5760416666666667 0.11157407407407408 0.15208333333333332 0.14722222222222223
2 0.5463541666666667 0.1675925925925926 0.17395833333333333 0.17222222222222222
2 0.7700520833333333 0.425462962962963 0.2786458333333333 0.3435185185185185
1 0.3997395833333333 0.018518518518518517 0.049479166666666664 0.037037037037037035
