3 0.051041666666666666 0.12546296296296297 0.090625 0.17685185185185184
2 0.43723958333333335 0.48148148148148145 0.3671875 0.2962962962962963
2 0.37552083333333336 0.2828703703703704 0.21354166666666666 0.23796296296296296
1 0.0234375 0.3597222222222222 0.046875 0.22685185185185186
1 0.11197916666666667 0.3013888888888889 0.125 0.20833333333333334
0 0.7229166666666667 0.25972222222222224 0.03854166666666667 0.0824074074074074
0 0.75234375 0.25972222222222224 0.04010416666666667 0.09166666666666666
0 0.8252604166666667 0.29259259259259257 0.0421875 0.08333333333333333
4 0.18046875 0.29583333333333334 0.024479166666666666 0.1675925925925926
4 0.25390625 0.3111111111111111 0.0328125 0.18888888888888888
