1 0.54921875 0.3527777777777778 0.07447916666666667 0.14629629629629629
1 0.5986979166666667 0.4027777777777778 0.08177083333333333 0.1685185185185185
1 0.6434895833333333 0.46944444444444444 0.10989583333333333 0.2222222222222222
1 0.7044270833333334 0.5370370370370371 0.1453125 0.27037037037037037
4 0.6263020833333334 0.5310185185185186 0.0359375 0.21574074074074073
4 0.5875 0.5675925925925925 0.05625 0.20925925925925926
4 0.16796875 0.39166666666666666 0.049479166666666664 0.1814814814814815
2 0.3958333333333333 0.6018518518518519 0.153125 0.37037037037037035
2 0.24244791666666668 0.3773148148148148 0.1203125 0.175
2 0.011197916666666667 0.3912037037037037 0.021354166666666667 0.1675925925925926
