2 0.8760416666666667 0.2074074074074074 0.07708333333333334 0.15185185185185185
2 0.8046875 0.24444444444444444 0.15208333333333332 0.17037037037037037
2 0.9825520833333333 0.2337962962962963 0.03177083333333333 0.08611111111111111
2 0.9536458333333333 0.3453703703703704 0.08958333333333333 0.2462962962962963
2 0.8299479166666667 0.42453703703703705 0.2557291666666667 0.27685185185185185
2 0.8057291666666667 0.08888888888888889 0.052083333333333336 0.09259259259259259
2 0.7700520833333333 0.09953703703703703 0.0578125 0.09722222222222222
2 0.71015625 0.1125 0.1109375 0.11944444444444445
2 0.734375 0.16898148148148148 0.121875 0.14166666666666666
2 0.7075520833333333 0.03888888888888889 0.050520833333333334 0.07592592592592592
2 0.6794270833333333 0.059722222222222225 0.049479166666666664 0.09537037037037037
2 0.6270833333333333 0.08009259259259259 0.09166666666666666 0.12314814814814815
2 0.5184895833333333 0.07685185185185185 0.07135416666666666 0.12962962962962962
2 0.5427083333333333 0.09074074074074075 0.11770833333333333 0.10185185185185185
2 0.5622395833333333 0.13564814814814816 0.18697916666666667 0.12685185185185185
2 0.5700520833333333 0.22685185185185186 0.2578125 0.2222222222222222
2 0.4861979166666667 0.42314814814814816 0.34427083333333336 0.31851851851851853
2 0.40703125 0.08888888888888889 0.0609375 0.11481481481481481
2 0.28203125 0.20092592592592592 0.0984375 0.19074074074074074
2 0.14479166666666668 0.20046296296296295 0.1 0.20277777777777778
2 0.08619791666666667 0.33935185185185185 0.17135416666666667 0.22870370370370371
2 0.24869791666666666 0.03981481481481482 0.0890625 0.07777777777777778
1 0.39375 0.027777777777777776 0.04583333333333333 0.05
1 0.3109375 0.05185185185185185 0.05625 0.10185185185185185
1 0.6203125 0.019444444444444445 0.04583333333333333 0.037037037037037035
