2 0.8302083333333333 0.13148148148148148 0.059375 0.1037037037037037
2 0.87734375 0.2175925925925926 0.08072916666666667 0.15
2 0.76640625 0.08101851851851852 0.03802083333333333 0.08796296296296297
2 0.7434895833333334 0.08935185185185185 0.0578125 0.1175925925925926
2 0.6932291666666667 0.11064814814814815 0.1 0.1287037037037037
2 0.7934895833333333 0.15185185185185185 0.0828125 0.1111111111111111
2 0.7848958333333333 0.22268518518518518 0.17708333333333334 0.21388888888888888
2 0.6161458333333333 0.16018518518518518 0.178125 0.16111111111111112
2 0.5572916666666666 0.11712962962962963 0.15208333333333332 0.13240740740740742
2 0.5513020833333333 0.2300925925925926 0.22239583333333332 0.2064814814814815
2 0.58359375 0.3907407407407407 0.3203125 0.34444444444444444
2 0.4395833333333333 0.14907407407407408 0.17291666666666666 0.17407407407407408
2 0.2877604166666667 0.058333333333333334 0.10572916666666667 0.1111111111111111
2 0.1328125 0.0712962962962963 0.04375 0.08148148148148149
2 0.13932291666666666 0.1925925925925926 0.08697916666666666 0.17037037037037037
2 0.2203125 0.3611111111111111 0.25833333333333336 0.32037037037037036
2 0.290625 0.18472222222222223 0.10416666666666667 0.11203703703703703
2 0.06692708333333333 0.3287037037037037 0.13385416666666666 0.26851851851851855
1 0.23723958333333334 0.046296296296296294 0.044270833333333336 0.08703703703703704
1 0.41015625 0.04398148148148148 0.07760416666666667 0.08796296296296297
