2 0.7859375 0.058333333333333334 0.041666666666666664 0.08518518518518518
2 0.8520833333333333 0.11527777777777778 0.052083333333333336 0.08981481481481482
2 0.9619791666666667 0.33935185185185185 0.07291666666666667 0.21944444444444444
2 0.8559895833333333 0.4027777777777778 0.20260416666666667 0.32037037037037036
2 0.8283854166666667 0.21342592592592594 0.11510416666666666 0.18055555555555555
2 0.6427083333333333 0.24861111111111112 0.22708333333333333 0.20462962962962963
2 0.5859375 0.4305555555555556 0.31145833333333334 0.3074074074074074
2 0.27760416666666665 0.1726851851851852 0.10416666666666667 0.1398148148148148
2 0.24635416666666668 0.37222222222222223 0.26875 0.337037037037037
2 0.07135416666666666 0.3333333333333333 0.14166666666666666 0.2462962962962963
2 0.13697916666666668 0.2074074074074074 0.09375 0.1574074074074074
2 0.24375 0.03657407407407407 0.075 0.0712962962962963
1 0.6815104166666667 0.020833333333333332 0.0453125 0.041666666666666664
1 0.40703125 0.04537037037037037 0.06822916666666666 0.08888888888888889
