3 0.475 0.2412037037037037 0.12083333333333333 0.09351851851851851
3 0.53046875 0.33287037037037037 0.15572916666666667 0.18425925925925926
3 0.16458333333333333 0.6550925925925926 0.32916666666666666 0.6861111111111111
3 0.40078125 0.2962962962962963 0.059895833333333336 0.14814814814814814
2 0.36744791666666665 0.26666666666666666 0.021354166666666667 0.07407407407407407
2 0.3770833333333333 0.27685185185185185 0.019791666666666666 0.07407407407407407
2 0.22447916666666667 0.2847222222222222 0.041666666666666664 0.08055555555555556
2 0.24947916666666667 0.28379629629629627 0.03125 0.06018518518518518
2 0.27057291666666666 0.25601851851851853 0.0609375 0.05648148148148148
2 0.278125 0.2638888888888889 0.041666666666666664 0.04814814814814815
2 0.30104166666666665 0.2611111111111111 0.03229166666666667 0.037037037037037035
2 0.2994791666666667 0.28703703703703703 0.028125 0.053703703703703705
2 0.27369791666666665 0.324537037037037 0.06302083333333333 0.11574074074074074
2 0.15859375 0.3111111111111111 0.04010416666666667 0.08888888888888889
2 0.14661458333333333 0.2675925925925926 0.04635416666666667 0.027777777777777776
2 0.10989583333333333 0.2824074074074074 0.041666666666666664 0.037037037037037035
2 0.10859375 0.32314814814814813 0.06510416666666667 0.10925925925925926
2 0.03515625 0.3773148148148148 0.06822916666666666 0.09166666666666666
2 0.03984375 0.32083333333333336 0.0359375 0.06574074074074074
2 0.0078125 0.3189814814814815 0.014583333333333334 0.05277777777777778
