2 0.7872 0.3941 0.1226 0.2095
1 0.1157 0.2975 0.1152 0.2145
2 0.9653645833333333 0.4134259259259259 0.0671875 0.1675925925925926
0 0.9234375 0.3537037037037037 0.04375 0.0962962962962963
0 0.7231770833333333 0.25972222222222224 0.0359375 0.0787037037037037
0 0.753125 0.2652777777777778 0.030208333333333334 0.06388888888888888
0 0.7755208333333333 0.2671296296296296 0.028125 0.06759259259259259
0 0.7971354166666667 0.27314814814814814 0.03177083333333333 0.06111111111111111
4 0.5752604166666667 0.3574074074074074 0.0421875 0.18518518518518517
4 0.18645833333333334 0.2828703703703704 0.027083333333333334 0.13240740740740742
