2 0.3304 0.5873 0.1840 0.2512
2 0.0098 0.4340 0.0210 0.1652
4 0.35859375 0.4708333333333333 0.040625 0.06111111111111111
2 0.958984375 0.41041666666666665 0.05234375 0.0625
2 0.903515625 0.3854166666666667 0.03359375 0.059722222222222225
1 0.972265625 0.3423611111111111 0.03046875 0.04861111111111111
0 0.95390625 0.44305555555555554 0.040625 0.06944444444444445
0 0.91796875 0.4444444444444444 0.0203125 0.05277777777777778
0 0.893359375 0.43125 0.04140625 0.0625
0 0.870703125 0.4305555555555556 0.05234375 0.06944444444444445
0 0.83984375 0.42083333333333334 0.0578125 0.07777777777777778
