4 0.15442708333333333 0.4638888888888889 0.0265625 0.22407407407407406
4 0.13776041666666666 0.47638888888888886 0.033854166666666664 0.2324074074074074
4 0.6356770833333333 0.5444444444444444 0.04635416666666667 0.14629629629629629
2 0.1484375 0.32407407407407407 0.06458333333333334 0.15555555555555556
2 0.22005208333333334 0.3523148148148148 0.11822916666666666 0.1638888888888889
2 0.22057291666666667 0.4527777777777778 0.12239583333333333 0.2814814814814815
2 0.33697916666666666 0.3560185185185185 0.11041666666666666 0.1824074074074074
2 0.3658854166666667 0.47453703703703703 0.13697916666666668 0.23796296296296296
1 0.4627604166666667 0.33935185185185185 0.028645833333333332 0.1361111111111111
1 0.5625 0.38981481481481484 0.10208333333333333 0.17222222222222222
1 0.6369791666666667 0.45231481481481484 0.115625 0.1935185185185185
1 0.7140625 0.5351851851851852 0.134375 0.25555555555555554
