2 0.10885416666666667 0.29814814814814816 0.029166666666666667 0.06666666666666667
2 0.16067708333333333 0.2800925925925926 0.025520833333333333 0.032407407407407406
2 0.1578125 0.3199074074074074 0.027083333333333334 0.07685185185185185
2 0.19609375 0.28935185185185186 0.0234375 0.06759259259259259
2 0.24635416666666668 0.2847222222222222 0.04791666666666667 0.07685185185185185
2 0.2669270833333333 0.275 0.022395833333333334 0.06111111111111111
2 0.2838541666666667 0.27175925925925926 0.03854166666666667 0.0712962962962963
2 0.2911458333333333 0.30925925925925923 0.04479166666666667 0.08888888888888889
2 0.2296875 0.36342592592592593 0.08854166666666667 0.1287037037037037
3 0.5265625 0.3296296296296296 0.15729166666666666 0.16666666666666666
3 0.39557291666666666 0.3175925925925926 0.08072916666666667 0.17962962962962964
1 0.006510416666666667 0.3587962962962963 0.013020833333333334 0.10277777777777777
