2 0.4732 0.2109 0.1898 0.1945
2 0.6985 0.2279 0.2054 0.1922
2 0.0700 0.3187 0.1500 0.2485
2 0.6048 0.1662 0.1428 0.1537
2 0.5726 0.0989 0.1450 0.1372
2 0.1031 0.1985 0.1184 0.1755
2 0.2518 0.1951 0.1628 0.1990
2 0.41953125 0.12916666666666668 0.16510416666666666 0.14907407407407408
2 0.25729166666666664 0.37175925925925923 0.3020833333333333 0.3287037037037037
2 0.9815104166666667 0.262037037037037 0.034895833333333334 0.1425925925925926
2 0.9677083333333333 0.3375 0.059375 0.1935185185185185
2 0.8575520833333333 0.3888888888888889 0.20989583333333334 0.30925925925925923
2 0.8916666666666667 0.16064814814814815 0.05520833333333333 0.13240740740740742
2 0.8859375 0.1925925925925926 0.05416666666666667 0.15185185185185185
2 0.8369791666666667 0.2175925925925926 0.11875 0.1814814814814815
2 0.8247395833333333 0.12037037037037036 0.0703125 0.12962962962962962
2 0.7786458333333334 0.05 0.03125 0.06296296296296296
2 0.7747395833333334 0.06111111111111111 0.0421875 0.06111111111111111
2 0.7682291666666666 0.09722222222222222 0.05 0.10185185185185185
2 0.7317708333333334 0.11527777777777778 0.0875 0.10648148148148148
1 0.40208333333333335 0.04953703703703704 0.059375 0.09722222222222222
3 0.828125 0.03981481481481482 0.06145833333333333 0.07407407407407407
