2 0.6003 0.3971 0.1948 0.2500
2 0.0170 0.5550 0.0346 0.2344
2 0.0423 0.3518 0.0849 0.1247
2 0.23697916666666666 0.23148148148148148 0.09479166666666666 0.09074074074074075
0 0.11822916666666666 0.2814814814814815 0.04791666666666667 0.08333333333333333
0 0.03203125 0.8587962962962963 0.06302083333333333 0.10092592592592593
0 0.03802083333333333 0.937037037037037 0.07395833333333333 0.12222222222222222
3 0.40182291666666664 0.12962962962962962 0.1484375 0.13518518518518519
3 0.25234375 0.175 0.13385416666666666 0.11296296296296296
0 0.73515625 0.32083333333333336 0.07447916666666667 0.10462962962962963
