1 0.27734375 0.43425925925925923 0.0828125 0.15185185185185185
1 0.20859375 0.48194444444444445 0.0921875 0.175
1 0.17005208333333333 0.5421296296296296 0.10052083333333334 0.21574074074074073
1 0.12864583333333332 0.6611111111111111 0.11875 0.2833333333333333
1 0.11848958333333333 0.7958333333333333 0.15572916666666667 0.3787037037037037
4 0.32421875 0.44074074074074077 0.03177083333333333 0.1259259259259259
4 0.6625 0.44166666666666665 0.035416666666666666 0.08888888888888889
4 0.6565104166666667 0.5032407407407408 0.043229166666666666 0.10648148148148148
2 0.49973958333333335 0.44722222222222224 0.0953125 0.14444444444444443
2 0.47213541666666664 0.5222222222222223 0.09739583333333333 0.1685185185185185
2 0.65546875 0.6527777777777778 0.20885416666666667 0.3111111111111111
2 0.8395833333333333 0.8194444444444444 0.31875 0.3574074074074074
