2 0.8494 0.2831 0.0815 0.0963
1 0.9579 0.5577 0.0881 0.3157
1 0.7593 0.3913 0.0860 0.1437
1 0.9478 0.4759 0.0968 0.2462
0 0.11614583333333334 0.4393518518518518 0.06145833333333333 0.09351851851851851
0 0.14270833333333333 0.4986111111111111 0.03958333333333333 0.09722222222222222
2 0.06744791666666666 0.5398148148148149 0.1078125 0.15925925925925927
2 0.02421875 0.5226851851851851 0.04739583333333333 0.14537037037037037
2 0.45208333333333334 0.6578703703703703 0.23645833333333333 0.3638888888888889
2 0.5151041666666667 0.524537037037037 0.26875 0.2324074074074074
2 0.6174479166666667 0.5254629629629629 0.1046875 0.20833333333333334
1 0.9161458333333333 0.38101851851851853 0.08020833333333334 0.15092592592592594
1 0.9669270833333333 0.3625 0.06302083333333333 0.10092592592592593
