4 0.6463541666666667 0.5837962962962963 0.021875 0.11574074074074074
4 0.8953125 0.5921296296296297 0.026041666666666668 0.10648148148148148
4 0.8278645833333333 0.6138888888888889 0.028645833333333332 0.14074074074074075
4 0.47994791666666664 0.5888888888888889 0.022395833333333334 0.03888888888888889
3 0.47994791666666664 0.5203703703703704 0.1703125 0.15
2 0.024739583333333332 0.6694444444444444 0.049479166666666664 0.12222222222222222
2 0.1734375 0.6412037037037037 0.1125 0.10833333333333334
2 0.10598958333333333 0.6907407407407408 0.14947916666666666 0.13518518518518519
2 0.23776041666666667 0.663425925925926 0.0578125 0.15462962962962962
2 0.3958333333333333 0.649074074074074 0.052083333333333336 0.12407407407407407
2 0.4015625 0.5810185185185185 0.053125 0.08425925925925926
2 0.5182291666666666 0.6648148148148149 0.10833333333333334 0.15185185185185185
2 0.4752604166666667 0.5351851851851852 0.05364583333333333 0.040740740740740744
2 0.4705729166666667 0.5768518518518518 0.0703125 0.07222222222222222
2 0.7723958333333333 0.6106481481481482 0.11145833333333334 0.14907407407407408
1 0.9216145833333333 0.5884259259259259 0.09010416666666667 0.1398148148148148
