2 0.9200520833333333 0.15555555555555556 0.0484375 0.1
2 0.9018229166666667 0.19907407407407407 0.08177083333333333 0.13148148148148148
2 0.8421875 0.21388888888888888 0.10520833333333333 0.17037037037037037
2 0.8765625 0.3921296296296296 0.20104166666666667 0.31574074074074077
2 0.49244791666666665 0.4305555555555556 0.3619791666666667 0.32037037037037036
2 0.42239583333333336 0.22407407407407406 0.103125 0.2111111111111111
2 0.3296875 0.07175925925925926 0.040625 0.10648148148148148
2 0.58828125 0.09768518518518518 0.06302083333333333 0.1638888888888889
2 0.634375 0.0912037037037037 0.06666666666666667 0.10277777777777777
2 0.7729166666666667 0.09074074074074075 0.059375 0.12407407407407407
2 0.6786458333333333 0.1726851851851852 0.15104166666666666 0.14907407407407408
2 0.7208333333333333 0.24722222222222223 0.19166666666666668 0.1962962962962963
3 0.4856770833333333 0.13472222222222222 0.1890625 0.22870370370370371
3 0.7028645833333333 0.0837962962962963 0.16822916666666668 0.16574074074074074
3 0.12526041666666668 0.2671296296296296 0.25052083333333336 0.5342592592592592
