2 0.42682291666666666 0.29583333333333334 0.028645833333333332 0.09351851851851851
2 0.3890625 0.3175925925925926 0.08333333333333333 0.14629629629629629
2 0.24713541666666666 0.2662037037037037 0.04635416666666667 0.03981481481481482
2 0.2877604166666667 0.26666666666666666 0.0515625 0.03888888888888889
2 0.29609375 0.3023148148148148 0.04114583333333333 0.10648148148148148
2 0.27578125 0.2722222222222222 0.04739583333333333 0.05
2 0.234375 0.30185185185185187 0.05 0.07407407407407407
2 0.24739583333333334 0.33240740740740743 0.08958333333333333 0.14629629629629629
2 0.17890625 0.34953703703703703 0.0859375 0.1175925925925926
2 0.15494791666666666 0.3199074074074074 0.028645833333333332 0.11018518518518519
2 0.15390625 0.27361111111111114 0.0328125 0.041666666666666664
2 0.11901041666666666 0.2773148148148148 0.04010416666666667 0.03981481481481482
2 0.11119791666666666 0.3023148148148148 0.0453125 0.08055555555555556
2 0.07447916666666667 0.350462962962963 0.078125 0.10648148148148148
3 0.4674479166666667 0.24444444444444444 0.12447916666666667 0.09074074074074075
