2 0.71953125 0.009259259259259259 0.0359375 0.016666666666666666
2 0.7486979166666666 0.044444444444444446 0.0390625 0.07407407407407407
2 0.7875 0.06805555555555555 0.059375 0.09537037037037037
2 0.77109375 0.0875 0.06302083333333333 0.10833333333333334
2 0.8057291666666667 0.15185185185185185 0.07708333333333334 0.12407407407407407
2 0.9213541666666667 0.15416666666666667 0.04583333333333333 0.10648148148148148
2 0.91015625 0.16620370370370371 0.050520833333333334 0.12129629629629629
2 0.8908854166666667 0.19027777777777777 0.050520833333333334 0.1527777777777778
2 0.8513020833333333 0.22824074074074074 0.10677083333333333 0.18981481481481483
2 0.9708333333333333 0.31666666666666665 0.05625 0.2351851851851852
2 0.91484375 0.39166666666666666 0.1671875 0.25555555555555554
2 0.7260416666666667 0.15416666666666667 0.12395833333333334 0.1361111111111111
2 0.7302083333333333 0.24675925925925926 0.178125 0.1787037037037037
2 0.56640625 0.11388888888888889 0.15989583333333332 0.13148148148148148
2 0.55625 0.16666666666666666 0.190625 0.17407407407407408
2 0.42630208333333336 0.09722222222222222 0.08072916666666667 0.1111111111111111
2 0.5880208333333333 0.3875 0.3260416666666667 0.33796296296296297
2 0.13333333333333333 0.20277777777777778 0.10104166666666667 0.17407407407407408
2 0.11223958333333334 0.08657407407407407 0.07864583333333333 0.11574074074074074
2 0.21901041666666668 0.05925925925925926 0.03697916666666667 0.08333333333333333
2 0.24296875 0.35462962962962963 0.2682291666666667 0.31666666666666665
2 0.06822916666666666 0.32314814814814813 0.134375 0.24444444444444444
1 0.39765625 0.044444444444444446 0.05364583333333333 0.08703703703703704
