2 0.1086 0.5349 0.1514 0.1764
2 0.8371 0.5100 0.2082 0.2223
1 0.9543 0.3757 0.0920 0.1741
1 0.7513020833333334 0.39166666666666666 0.0671875 0.1425925925925926
1 0.79921875 0.37824074074074077 0.0890625 0.11944444444444445
4 0.7671875 0.5592592592592592 0.059375 0.22407407407407406
2 0.4979166666666667 0.5402777777777777 0.20625 0.18055555555555555
2 0.5080729166666667 0.5726851851851852 0.17552083333333332 0.1712962962962963
2 0.41432291666666665 0.6768518518518518 0.3609375 0.34629629629629627
1 0.9908854166666666 0.36898148148148147 0.016145833333333335 0.1824074074074074
