2 0.29192708333333334 0.03425925925925926 0.0859375 0.06666666666666667
2 0.13151041666666666 0.19675925925925927 0.08802083333333334 0.175
2 0.08229166666666667 0.3296296296296296 0.16354166666666667 0.26481481481481484
2 0.28854166666666664 0.23333333333333334 0.09791666666666667 0.18333333333333332
2 0.40989583333333335 0.4199074074074074 0.35833333333333334 0.30648148148148147
2 0.8700520833333333 0.2037037037037037 0.09114583333333333 0.16111111111111112
2 0.8442708333333333 0.37777777777777777 0.2520833333333333 0.34814814814814815
2 0.7765625 0.06944444444444445 0.0375 0.08518518518518518
2 0.7549479166666667 0.08796296296296297 0.06302083333333333 0.1
2 0.73984375 0.1787037037037037 0.12135416666666667 0.16111111111111112
2 0.5481770833333334 0.22777777777777777 0.2171875 0.23333333333333334
2 0.6395833333333333 0.12129629629629629 0.13854166666666667 0.13703703703703704
2 0.5544270833333333 0.06805555555555555 0.025520833333333333 0.075
2 0.5083333333333333 0.09444444444444444 0.05416666666666667 0.11296296296296296
2 0.5479166666666667 0.14351851851851852 0.178125 0.11481481481481481
