4 0.1453125 0.49444444444444446 0.0421875 0.09722222222222222
2 0.04609375 0.41597222222222224 0.0921875 0.14027777777777778
2 0.2015625 0.5729166666666666 0.1484375 0.2569444444444444
2 0.4296875 0.7305555555555555 0.3359375 0.3611111111111111
2 0.874609375 0.8381944444444445 0.24921875 0.31527777777777777
2 0.1609375 0.8173611111111111 0.3203125 0.35694444444444445
2 0.96796875 0.34305555555555556 0.0390625 0.04722222222222222
2 0.9 0.3875 0.0359375 0.058333333333333334
2 0.95390625 0.3923611111111111 0.0625 0.07083333333333333
0 0.968359375 0.44375 0.02734375 0.07083333333333333
0 0.949609375 0.4423611111111111 0.04921875 0.0763888888888889
0 0.86953125 0.425 0.0453125 0.075
0 0.84375 0.4215277777777778 0.0453125 0.07916666666666666
0 0.805859375 0.39444444444444443 0.02265625 0.06944444444444445
