3 0.9359375 0.3 0.12604166666666666 0.4648148148148148
2 0.12109375 0.08796296296296297 0.07552083333333333 0.10925925925925926
2 0.14114583333333333 0.21296296296296297 0.08333333333333333 0.17592592592592593
2 0.06875 0.34444444444444444 0.1375 0.24444444444444444
2 0.42291666666666666 0.2212962962962963 0.12916666666666668 0.19814814814814816
2 0.26536458333333335 0.3472222222222222 0.28802083333333334 0.38333333333333336
2 0.31875 0.0712962962962963 0.05 0.11481481481481481
2 0.4276041666666667 0.09814814814814815 0.08125 0.13518518518518519
2 0.5255208333333333 0.08333333333333333 0.09895833333333333 0.12962962962962962
2 0.6065104166666667 0.45925925925925926 0.3567708333333333 0.3425925925925926
2 0.8953125 0.1824074074074074 0.07395833333333333 0.17222222222222222
2 0.8268229166666666 0.23287037037037037 0.1390625 0.1935185185185185
2 0.66015625 0.24537037037037038 0.25052083333333336 0.19814814814814816
2 0.7721354166666666 0.05925925925925926 0.049479166666666664 0.08333333333333333
2 0.7479166666666667 0.05925925925925926 0.06666666666666667 0.07407407407407407
2 0.7513020833333334 0.08611111111111111 0.0671875 0.07407407407407407
2 0.7135416666666666 0.15185185185185185 0.14895833333333333 0.16296296296296298
2 0.6322916666666667 0.07824074074074074 0.10625 0.09351851851851851
2 0.6552083333333333 0.12268518518518519 0.11770833333333333 0.13055555555555556
2 0.53984375 0.1685185185185185 0.1796875 0.17407407407407408
1 0.40625 0.0375 0.07708333333333334 0.06944444444444445
