2 0.1486328125 0.134375 0.091015625 0.09513888888888888
2 0.3333984375 0.17743055555555556 0.119921875 0.17847222222222223
2 0.2267578125 0.26458333333333334 0.151953125 0.22083333333333333
2 0.3744140625 0.043055555555555555 0.069140625 0.07777777777777778
2 0.9900390625 0.03263888888888889 0.018359375 0.04722222222222222
2 0.9767578125 0.05416666666666667 0.044921875 0.06111111111111111
2 0.96328125 0.08194444444444444 0.0703125 0.1
2 0.908203125 0.04548611111111111 0.08046875 0.08819444444444445
2 0.8626953125 0.05138888888888889 0.094140625 0.09027777777777778
1 0.9884765625 0.15347222222222223 0.021484375 0.17222222222222222
3 0.3451171875 0.02638888888888889 0.083203125 0.05
