0 0.7236979166666667 0.25555555555555554 0.034895833333333334 0.07407407407407407
0 0.7489583333333333 0.2712962962962963 0.03333333333333333 0.06111111111111111
0 0.7747395833333334 0.2601851851851852 0.030729166666666665 0.06481481481481481
0 0.79453125 0.2652777777777778 0.027604166666666666 0.062037037037037036
4 0.5627604166666667 0.3337962962962963 0.0421875 0.14722222222222223
2 0.8138020833333334 0.37083333333333335 0.16614583333333333 0.1824074074074074
2 0.8130208333333333 0.4439814814814815 0.19270833333333334 0.25092592592592594
2 0.9653645833333333 0.4134259259259259 0.0671875 0.1675925925925926
2 0.7739583333333333 0.500462962962963 0.24791666666666667 0.3509259259259259
2 0.42161458333333335 0.39166666666666666 0.19739583333333333 0.3037037037037037
1 0.03463541666666667 0.32546296296296295 0.06822916666666666 0.3175925925925926
1 0.11770833333333333 0.2884259259259259 0.13333333333333333 0.23055555555555557
