2 0.02890625 0.31203703703703706 0.0453125 0.07777777777777778
2 0.06276041666666667 0.3592592592592593 0.08489583333333334 0.10185185185185185
2 0.11796875 0.31527777777777777 0.043229166666666666 0.10277777777777777
2 0.11302083333333333 0.29398148148148145 0.03854166666666667 0.08055555555555556
2 0.07994791666666666 0.28564814814814815 0.025520833333333333 0.05648148148148148
2 0.15703125 0.3037037037037037 0.03177083333333333 0.1
2 0.21744791666666666 0.2662037037037037 0.0484375 0.04351851851851852
2 0.2638020833333333 0.2712962962962963 0.058854166666666666 0.07407407407407407
2 0.2984375 0.2935185185185185 0.041666666666666664 0.11481481481481481
2 0.24114583333333334 0.3055555555555556 0.052083333333333336 0.09074074074074075
2 0.20182291666666666 0.3365740740740741 0.0796875 0.13055555555555556
2 0.39739583333333334 0.3277777777777778 0.065625 0.10925925925925926
3 0.41119791666666666 0.25555555555555554 0.09010416666666667 0.17777777777777778
