2 0.3783 0.3799 0.0968 0.1154
2 0.6885 0.7097 0.3067 0.3426
2 0.1765 0.5714 0.1193 0.2112
2 0.3203125 0.56875 0.1515625 0.24305555555555555
2 0.012109375 0.42986111111111114 0.02421875 0.12638888888888888
2 0.902734375 0.38958333333333334 0.03359375 0.059722222222222225
2 0.780078125 0.3611111111111111 0.06328125 0.05277777777777778
2 0.901171875 0.3416666666666667 0.03671875 0.044444444444444446
1 0.946875 0.39444444444444443 0.0453125 0.06944444444444445
0 0.96328125 0.4444444444444444 0.0390625 0.06666666666666667
0 0.944921875 0.44166666666666665 0.04296875 0.06944444444444445
0 0.915625 0.4354166666666667 0.040625 0.06805555555555555
0 0.884765625 0.43194444444444446 0.06328125 0.06944444444444445
0 0.845703125 0.425 0.05078125 0.08055555555555556
4 0.280859375 0.4444444444444444 0.02578125 0.03333333333333333
4 0.009375 0.49930555555555556 0.0171875 0.18194444444444444
4 0.283984375 0.3597222222222222 0.01953125 0.06944444444444445
