2 0.0251 0.1463 0.0514 0.0912
3 0.1125 0.07916666666666666 0.075 0.10833333333333334
2 0.2557291666666667 0.17824074074074073 0.07916666666666666 0.19907407407407407
2 0.44869791666666664 0.21296296296296297 0.16822916666666668 0.21481481481481482
2 0.5447916666666667 0.1638888888888889 0.17083333333333334 0.1648148148148148
2 0.6703125 0.25555555555555554 0.21354166666666666 0.20555555555555555
2 0.9213541666666667 0.12916666666666668 0.05 0.0824074074074074
2 0.9138020833333333 0.16157407407407406 0.0484375 0.12129629629629629
2 0.89453125 0.21388888888888888 0.07447916666666667 0.1388888888888889
2 0.83515625 0.05462962962962963 0.0390625 0.03888888888888889
2 0.846875 0.10740740740740741 0.023958333333333335 0.09259259259259259
2 0.8135416666666667 0.1162037037037037 0.07916666666666666 0.1398148148148148
2 0.8223958333333333 0.24166666666666667 0.13333333333333333 0.17222222222222222
2 0.7565104166666666 0.028703703703703703 0.0359375 0.04814814814814815
2 0.7434895833333334 0.040740740740740744 0.04010416666666667 0.05925925925925926
2 0.7143229166666667 0.04583333333333333 0.06302083333333333 0.08055555555555556
2 0.6463541666666667 0.07314814814814814 0.08958333333333333 0.1111111111111111
2 0.696875 0.013425925925925926 0.036458333333333336 0.026851851851851852
2 0.7541666666666667 0.1550925925925926 0.11979166666666667 0.1527777777777778
2 0.52578125 0.07592592592592592 0.08177083333333333 0.10740740740740741
2 0.32395833333333335 0.07453703703703704 0.057291666666666664 0.10833333333333334
2 0.240625 0.050462962962962966 0.05520833333333333 0.09537037037037037
2 0.43515625 0.07685185185185185 0.0890625 0.09259259259259259
2 0.6963541666666667 0.11712962962962963 0.10416666666666667 0.1361111111111111
2 0.7583333333333333 0.0712962962962963 0.06458333333333334 0.07592592592592592
2 0.7875 0.060648148148148145 0.040625 0.06388888888888888
2 0.8104166666666667 0.025925925925925925 0.0375 0.046296296296296294
