2 0.7816 0.6220 0.1380 0.1338
2 0.1551 0.6507 0.1449 0.1419
1 0.9173 0.5813 0.0865 0.1290
4 0.8934895833333333 0.5648148148148148 0.027604166666666666 0.08333333333333333
4 0.8958333333333334 0.6111111111111112 0.021875 0.13518518518518519
4 0.5526041666666667 0.5986111111111111 0.028125 0.11944444444444445
3 0.47994791666666664 0.5222222222222223 0.17760416666666667 0.16296296296296298
2 0.6453125 0.6166666666666667 0.07395833333333333 0.13518518518518519
2 0.40338541666666666 0.6467592592592593 0.07135416666666666 0.14537037037037037
1 0.81171875 0.5712962962962963 0.06822916666666666 0.1037037037037037
