2 0.7911458333333333 0.3625 0.196875 0.14351851851851852
2 0.82734375 0.5125 0.1890625 0.2657407407407407
2 0.7065104166666667 0.5087962962962963 0.2994791666666667 0.4009259259259259
2 0.44973958333333336 0.43657407407407406 0.1921875 0.27870370370370373
1 0.45729166666666665 0.24583333333333332 0.09270833333333334 0.15833333333333333
1 0.04973958333333333 0.34953703703703703 0.0984375 0.2657407407407407
1 0.3484375 0.34120370370370373 0.12395833333333334 0.25092592592592594
1 0.5213541666666667 0.7435185185185185 0.3875 0.5092592592592593
0 0.70390625 0.26064814814814813 0.025520833333333333 0.06759259259259259
0 0.72265625 0.26342592592592595 0.027604166666666666 0.0712962962962963
0 0.7729166666666667 0.2712962962962963 0.034375 0.06111111111111111
4 0.5359375 0.3125 0.03125 0.1398148148148148
4 0.2875 0.2796296296296296 0.03854166666666667 0.12222222222222222
4 0.178125 0.2865740740740741 0.03229166666666667 0.14166666666666666
3 0.03463541666666667 0.13796296296296295 0.06927083333333334 0.14444444444444443
