3 0.49192708333333335 0.24259259259259258 0.09010416666666667 0.0962962962962963
3 0.4197916666666667 0.25972222222222224 0.08333333333333333 0.1824074074074074
3 0.05234375 0.5203703703703704 0.1046875 0.3592592592592593
3 0.3 0.2773148148148148 0.06041666666666667 0.08796296296296297
2 0.07317708333333334 0.2967592592592593 0.0265625 0.04722222222222222
2 0.10494791666666667 0.29305555555555557 0.018229166666666668 0.05648148148148148
2 0.11666666666666667 0.2851851851851852 0.028125 0.03333333333333333
2 0.11953125 0.3111111111111111 0.0390625 0.07222222222222222
2 0.071875 0.35324074074074074 0.0875 0.1175925925925926
2 0.15833333333333333 0.2916666666666667 0.023958333333333335 0.053703703703703705
2 0.16484375 0.3125 0.028645833333333332 0.06944444444444445
2 0.26119791666666664 0.262037037037037 0.04739583333333333 0.044444444444444446
2 0.25078125 0.2773148148148148 0.0546875 0.05648148148148148
2 0.23802083333333332 0.2949074074074074 0.04583333333333333 0.0787037037037037
2 0.27447916666666666 0.324537037037037 0.07395833333333333 0.11944444444444445
2 0.37734375 0.2638888888888889 0.030729166666666665 0.06481481481481481
2 0.39036458333333335 0.3314814814814815 0.06822916666666666 0.1259259259259259
