2 0.12447916666666667 0.29398148148148145 0.029166666666666667 0.08055555555555556
2 0.15416666666666667 0.274537037037037 0.0375 0.04351851851851852
2 0.16171875 0.3087962962962963 0.0296875 0.08055555555555556
2 0.2546875 0.2708333333333333 0.05 0.062037037037037036
2 0.2942708333333333 0.2652777777777778 0.04895833333333333 0.062037037037037036
2 0.2986979166666667 0.3101851851851852 0.04114583333333333 0.12222222222222222
2 0.2734375 0.3351851851851852 0.08854166666666667 0.1111111111111111
2 0.24869791666666666 0.28935185185185186 0.0546875 0.08425925925925926
2 0.21588541666666666 0.2902777777777778 0.04114583333333333 0.09537037037037037
2 0.37265625 0.2708333333333333 0.05364583333333333 0.10092592592592593
2 0.40911458333333334 0.2972222222222222 0.0546875 0.10925925925925926
2 0.39427083333333335 0.32314814814814813 0.06458333333333334 0.1259259259259259
3 0.47708333333333336 0.24212962962962964 0.1375 0.09537037037037037
3 0.07239583333333334 0.3851851851851852 0.14375 0.3907407407407407
