3 0.33619791666666665 0.36018518518518516 0.3359375 0.4148148148148148
2 0.7893229166666667 0.03657407407407407 0.04114583333333333 0.062037037037037036
2 0.7565104166666666 0.018055555555555554 0.030729166666666665 0.03425925925925926
2 0.6825520833333333 0.06481481481481481 0.0578125 0.09814814814814815
2 0.6278645833333333 0.0787037037037037 0.08802083333333334 0.11296296296296296
2 0.7078125 0.1125 0.09166666666666666 0.10648148148148148
2 0.7427083333333333 0.15925925925925927 0.12395833333333334 0.16111111111111112
2 0.5247395833333334 0.09074074074074075 0.0921875 0.11481481481481481
2 0.565625 0.10787037037037037 0.13958333333333334 0.10462962962962963
2 0.5778645833333333 0.16435185185185186 0.20052083333333334 0.16944444444444445
2 0.6330729166666667 0.2490740740740741 0.23489583333333333 0.2
2 0.40651041666666665 0.07453703703703704 0.0484375 0.10092592592592593
2 0.40520833333333334 0.15925925925925927 0.096875 0.10925925925925926
2 0.15026041666666667 0.2111111111111111 0.07864583333333333 0.16296296296296298
2 0.05546875 0.32407407407407407 0.10885416666666667 0.25
1 0.40520833333333334 0.043055555555555555 0.06145833333333333 0.08611111111111111
