2 0.3615 0.4693 0.1418 0.2871
2 0.2107 0.3461 0.1248 0.1787
2 0.1431 0.3118 0.0831 0.1602
1 0.44635416666666666 0.32083333333333336 0.06458333333333334 0.1398148148148148
1 0.5385416666666667 0.3587962962962963 0.051041666666666666 0.13240740740740742
1 0.5986979166666667 0.40694444444444444 0.0921875 0.18055555555555555
1 0.6388020833333333 0.462037037037037 0.11197916666666667 0.1962962962962963
1 0.7075520833333333 0.5398148148148149 0.1359375 0.26296296296296295
4 0.4125 0.524537037037037 0.058333333333333334 0.23425925925925925
4 0.16354166666666667 0.3824074074074074 0.041666666666666664 0.18518518518518517
4 0.61640625 0.5291666666666667 0.0484375 0.20277777777777778
