3 0.4708333333333333 0.2412037037037037 0.11979166666666667 0.08981481481481482
2 0.3924479166666667 0.32546296296296295 0.06510416666666667 0.12685185185185185
2 0.28958333333333336 0.30462962962962964 0.04479166666666667 0.09814814814814815
2 0.23697916666666666 0.2763888888888889 0.052083333333333336 0.06388888888888888
2 0.25859375 0.2902777777777778 0.049479166666666664 0.06944444444444445
2 0.234375 0.3592592592592593 0.096875 0.14629629629629629
2 0.16276041666666666 0.30694444444444446 0.025520833333333333 0.10277777777777777
2 0.109375 0.29768518518518516 0.05625 0.0712962962962963
2 0.11458333333333333 0.3300925925925926 0.04479166666666667 0.09166666666666666
2 0.06875 0.3537037037037037 0.08645833333333333 0.0962962962962963
