2 0.03515625 0.3 0.028645833333333332 0.06666666666666667
2 0.15208333333333332 0.27824074074074073 0.036458333333333336 0.0712962962962963
2 0.14036458333333332 0.2912037037037037 0.05260416666666667 0.058333333333333334
2 0.19583333333333333 0.2824074074074074 0.015625 0.05925925925925926
2 0.22890625 0.2810185185185185 0.0359375 0.06759259259259259
2 0.271875 0.26157407407407407 0.057291666666666664 0.04351851851851852
2 0.29765625 0.29768518518518516 0.0328125 0.08981481481481482
2 0.25104166666666666 0.2967592592592593 0.05416666666666667 0.075
2 0.2674479166666667 0.32546296296296295 0.07760416666666667 0.13055555555555556
3 0.40911458333333334 0.3111111111111111 0.1078125 0.2111111111111111
3 0.46848958333333335 0.225 0.1515625 0.11851851851851852
3 0.09322916666666667 0.28703703703703703 0.06041666666666667 0.07962962962962963
