2 0.79140625 0.9458333333333333 0.3234375 0.10416666666666667
2 0.7453125 0.3770833333333333 0.15 0.175
2 0.37421875 0.5677083333333334 0.1421875 0.24375
2 0.43203125 0.2947916666666667 0.1390625 0.12708333333333333
2 0.40703125 0.40625 0.1421875 0.20833333333333334
2 0.32109375 0.38229166666666664 0.1390625 0.14375
2 0.20703125 0.5145833333333333 0.1734375 0.20416666666666666
1 0.35546875 0.22395833333333334 0.0484375 0.11875
1 0.2484375 0.2760416666666667 0.1 0.14375
4 0.478125 0.3645833333333333 0.0375 0.15
