2 0.6338 0.6577 0.2968 0.2870
2 0.7552 0.8230 0.3653 0.3435
2 0.2755 0.3781 0.1170 0.1302
2 0.2255 0.6826 0.2930 0.2876
2 0.2372 0.4777 0.1526 0.2045
4 0.0890625 0.5263888888888889 0.040625 0.18888888888888888
2 0.408203125 0.3888888888888889 0.04765625 0.09444444444444444
2 0.34609375 0.5819444444444445 0.2046875 0.2638888888888889
2 0.901953125 0.38958333333333334 0.03359375 0.0625
2 0.82109375 0.32708333333333334 0.046875 0.05416666666666667
0 0.96171875 0.44305555555555554 0.0453125 0.075
0 0.92421875 0.4395833333333333 0.0421875 0.08194444444444444
0 0.891796875 0.4340277777777778 0.04921875 0.07361111111111111
0 0.86484375 0.4284722222222222 0.0453125 0.07916666666666666
0 0.841015625 0.4236111111111111 0.04609375 0.06944444444444445
