2 0.4095 0.6461 0.2938 0.3631
2 0.5252 0.5429 0.2336 0.2149
2 0.0346 0.5095 0.0689 0.1366
0 0.14322916666666666 0.49953703703703706 0.041666666666666664 0.11388888888888889
2 0.07630208333333334 0.5481481481481482 0.12239583333333333 0.16296296296296298
2 0.5591145833333333 0.3787037037037037 0.09427083333333333 0.08148148148148149
3 0.6578125 0.8527777777777777 0.6822916666666666 0.28703703703703703
1 0.7390625 0.33564814814814814 0.04479166666666667 0.06944444444444445
1 0.7830729166666667 0.3458333333333333 0.050520833333333334 0.09722222222222222
1 0.8453125 0.3597222222222222 0.06354166666666666 0.13055555555555556
1 0.921875 0.3731481481481482 0.09166666666666666 0.17037037037037037
1 0.9791666666666666 0.4023148148148148 0.03958333333333333 0.1675925925925926
1 0.8729166666666667 0.30092592592592593 0.06458333333333334 0.08333333333333333
