2 0.3547 0.3564 0.0942 0.1378
2 0.2319 0.3535 0.1014 0.1456
2 0.00859375 0.35 0.0171875 0.07222222222222222
2 0.06927083333333334 0.35138888888888886 0.071875 0.09537037037037037
2 0.14088541666666668 0.29305555555555557 0.0578125 0.06759259259259259
2 0.15963541666666667 0.3087962962962963 0.0421875 0.10277777777777777
2 0.2955729166666667 0.2662037037037037 0.049479166666666664 0.06018518518518518
2 0.28463541666666664 0.3194444444444444 0.05364583333333333 0.10185185185185185
2 0.25416666666666665 0.2796296296296296 0.057291666666666664 0.07037037037037037
3 0.41171875 0.2884259259259259 0.06614583333333333 0.1175925925925926
