3 0.4783854166666667 0.5189814814814815 0.17447916666666666 0.15648148148148147
2 0.31223958333333335 0.5944444444444444 0.04114583333333333 0.12777777777777777
2 0.5184895833333333 0.6083333333333333 0.1046875 0.11851851851851852
2 0.5052083333333334 0.6671296296296296 0.08854166666666667 0.14722222222222223
1 0.9455729166666667 0.5944444444444444 0.10677083333333333 0.14074074074074075
1 0.8169270833333333 0.5615740740740741 0.08697916666666666 0.125
4 0.890625 0.6060185185185185 0.019791666666666666 0.13055555555555556
4 0.60859375 0.6606481481481481 0.034895833333333334 0.14907407407407408
4 0.73359375 0.5962962962962963 0.0203125 0.07592592592592592
4 0.7502604166666667 0.611574074074074 0.028645833333333332 0.08425925925925926
