2 0.7881 0.0909 0.0738 0.1196
3 0.047135416666666666 0.11435185185185186 0.09322916666666667 0.19166666666666668
3 0.2755208333333333 0.3490740740740741 0.3385416666666667 0.42777777777777776
2 0.31197916666666664 0.08287037037037037 0.08229166666666667 0.13055555555555556
2 0.42890625 0.10046296296296296 0.07864583333333333 0.12685185185185185
2 0.5171875 0.0787037037037037 0.059375 0.1259259259259259
2 0.27291666666666664 0.13703703703703704 0.109375 0.07592592592592592
2 0.13307291666666668 0.20324074074074075 0.0953125 0.175
2 0.06770833333333333 0.3435185185185185 0.13541666666666666 0.25555555555555554
2 0.80390625 0.2337962962962963 0.15677083333333333 0.20092592592592592
2 0.7388020833333333 0.16574074074074074 0.13489583333333333 0.13518518518518519
2 0.6174479166666667 0.10787037037037037 0.14427083333333332 0.10462962962962963
2 0.5596354166666667 0.14814814814814814 0.17447916666666666 0.12407407407407407
2 0.5966145833333333 0.2273148148148148 0.25677083333333334 0.2175925925925926
1 0.31979166666666664 0.024537037037037038 0.03854166666666667 0.04722222222222222
1 0.6609375 0.01990740740740741 0.046875 0.03425925925925926
