3 0.47317708333333336 0.24444444444444444 0.12447916666666667 0.09074074074074075
3 0.40703125 0.2763888888888889 0.0640625 0.125
3 0.06536458333333334 0.5800925925925926 0.13072916666666667 0.4583333333333333
2 0.3932291666666667 0.3347222222222222 0.07916666666666666 0.11944444444444445
2 0.27291666666666664 0.2638888888888889 0.04791666666666667 0.04814814814814815
2 0.22708333333333333 0.29074074074074074 0.03229166666666667 0.07407407407407407
2 0.25416666666666665 0.2861111111111111 0.03958333333333333 0.07037037037037037
2 0.23307291666666666 0.31574074074074077 0.03802083333333333 0.06296296296296296
2 0.2984375 0.2898148148148148 0.03125 0.08703703703703704
2 0.2708333333333333 0.3263888888888889 0.071875 0.11944444444444445
2 0.16067708333333333 0.31296296296296294 0.0390625 0.11481481481481481
2 0.12239583333333333 0.3175925925925926 0.04479166666666667 0.11481481481481481
2 0.007291666666666667 0.3143518518518518 0.014583333333333334 0.05277777777777778
2 0.0265625 0.36018518518518516 0.052083333333333336 0.1037037037037037
