2 0.0516 0.6358 0.1033 0.3507
1 0.009635416666666667 0.3523148148148148 0.0171875 0.11018518518518519
2 0.07708333333333334 0.29907407407407405 0.020833333333333332 0.06481481481481481
2 0.11510416666666666 0.2962962962962963 0.041666666666666664 0.06296296296296296
2 0.159375 0.30462962962962964 0.027083333333333334 0.08888888888888889
2 0.1671875 0.31666666666666665 0.015625 0.07407407407407407
2 0.1984375 0.28379629629629627 0.025 0.05277777777777778
2 0.22083333333333333 0.28055555555555556 0.022916666666666665 0.053703703703703705
2 0.24166666666666667 0.2796296296296296 0.05 0.07777777777777778
2 0.26067708333333334 0.2657407407407407 0.05260416666666667 0.05
2 0.28671875 0.2759259259259259 0.018229166666666668 0.05925925925925926
2 0.3065104166666667 0.2708333333333333 0.03697916666666667 0.06574074074074074
2 0.2796875 0.31805555555555554 0.06458333333333334 0.11574074074074074
2 0.21822916666666667 0.35509259259259257 0.121875 0.1675925925925926
2 0.36953125 0.25972222222222224 0.0390625 0.06018518518518518
2 0.3971354166666667 0.2587962962962963 0.03802083333333333 0.04537037037037037
2 0.39427083333333335 0.3226851851851852 0.090625 0.1175925925925926
2 0.35885416666666664 0.3560185185185185 0.09375 0.15648148148148147
3 0.41901041666666666 0.2851851851851852 0.0515625 0.12407407407407407
