1 0.2756 0.4299 0.0789 0.1484
4 0.32890625 0.42685185185185187 0.022395833333333334 0.13333333333333333
4 0.65234375 0.45694444444444443 0.033854166666666664 0.08981481481481482
4 0.8091145833333333 0.5208333333333334 0.034895833333333334 0.14351851851851852
3 0.09088541666666666 0.9175925925925926 0.18177083333333333 0.16111111111111112
2 0.47552083333333334 0.4648148148148148 0.090625 0.18703703703703703
2 0.45546875 0.5342592592592592 0.1046875 0.1962962962962963
2 0.6208333333333333 0.5986111111111111 0.16875 0.2675925925925926
2 0.5114583333333333 0.7513888888888889 0.27291666666666664 0.4027777777777778
2 0.9153645833333334 0.38287037037037036 0.0765625 0.09722222222222222
2 0.8955729166666667 0.6069444444444444 0.1890625 0.21574074074074073
2 0.8151041666666666 0.762962962962963 0.31354166666666666 0.40555555555555556
1 0.5328125 0.35833333333333334 0.08958333333333333 0.10925925925925926
