2 0.2794270833333333 0.2587962962962963 0.04635416666666667 0.05462962962962963
2 0.30963541666666666 0.2611111111111111 0.04635416666666667 0.07222222222222222
2 0.2950520833333333 0.31805555555555554 0.0484375 0.1287037037037037
2 0.24817708333333333 0.2740740740740741 0.0453125 0.05
2 0.19557291666666668 0.2791666666666667 0.019270833333333334 0.06574074074074074
2 0.24375 0.3402777777777778 0.096875 0.14351851851851852
2 0.159375 0.3055555555555556 0.0375 0.09259259259259259
2 0.10911458333333333 0.2898148148148148 0.04114583333333333 0.06111111111111111
2 0.11822916666666666 0.32314814814814813 0.04791666666666667 0.11666666666666667
2 0.0640625 0.3453703703703704 0.07916666666666666 0.12407407407407407
3 0.23229166666666667 0.2587962962962963 0.05 0.062037037037037036
3 0.3997395833333333 0.27870370370370373 0.1296875 0.2722222222222222
