1 0.39166666666666666 0.03935185185185185 0.04479166666666667 0.0787037037037037
2 0.9005208333333333 0.15231481481481482 0.05520833333333333 0.13240740740740742
2 0.8919270833333334 0.1865740740740741 0.0453125 0.1287037037037037
2 0.8606770833333334 0.22361111111111112 0.09010416666666667 0.18055555555555555
2 0.8479166666666667 0.1259259259259259 0.035416666666666666 0.08888888888888889
2 0.7903645833333334 0.07453703703703704 0.05677083333333333 0.08796296296296297
2 0.81171875 0.1162037037037037 0.0828125 0.14722222222222223
2 0.7497395833333333 0.10046296296296296 0.0734375 0.10462962962962963
2 0.7619791666666667 0.14444444444444443 0.11875 0.10925925925925926
2 0.7466145833333333 0.23472222222222222 0.1765625 0.19722222222222222
2 0.6651041666666667 0.12685185185185185 0.1375 0.13518518518518519
2 0.6234375 0.16064814814814815 0.178125 0.1638888888888889
2 0.50625 0.10324074074074074 0.053125 0.12685185185185185
2 0.51328125 0.22407407407407406 0.21927083333333333 0.20185185185185187
2 0.61328125 0.37777777777777777 0.3140625 0.3574074074074074
2 0.28229166666666666 0.20555555555555555 0.10520833333333333 0.1574074074074074
2 0.2981770833333333 0.3861111111111111 0.29322916666666665 0.3277777777777778
2 0.13072916666666667 0.20092592592592592 0.084375 0.15185185185185185
2 0.07421875 0.3282407407407407 0.14427083333333332 0.2675925925925926
