2 0.11432291666666666 0.2967592592592593 0.043229166666666666 0.06944444444444445
2 0.16302083333333334 0.2796296296296296 0.025 0.02962962962962963
2 0.16145833333333334 0.3175925925925926 0.034375 0.08518518518518518
2 0.19973958333333333 0.28564814814814815 0.013020833333333334 0.05648148148148148
2 0.22291666666666668 0.2740740740740741 0.022916666666666665 0.05
2 0.24817708333333333 0.2847222222222222 0.044270833333333336 0.07685185185185185
2 0.29322916666666665 0.2662037037037037 0.03229166666666667 0.03425925925925926
2 0.3046875 0.29259259259259257 0.01875 0.08333333333333333
2 0.2669270833333333 0.3194444444444444 0.07239583333333334 0.12407407407407407
2 0.41796875 0.30462962962962964 0.0328125 0.08888888888888889
2 0.3846354166666667 0.32222222222222224 0.07135416666666666 0.13333333333333333
