4 0.44140625 0.2635416666666667 0.0328125 0.11041666666666666
2 0.95625 0.865625 0.084375 0.25625
2 0.51484375 0.85625 0.3140625 0.2833333333333333
2 0.7265625 0.7260416666666667 0.353125 0.32708333333333334
2 0.71484375 0.16770833333333332 0.1390625 0.09791666666666667
2 0.64609375 0.4708333333333333 0.1421875 0.25833333333333336
2 0.3828125 0.46145833333333336 0.140625 0.23125
2 0.49453125 0.24583333333333332 0.1296875 0.15416666666666667
2 0.37421875 0.34791666666666665 0.1703125 0.14583333333333334
2 0.25625 0.45208333333333334 0.16875 0.19583333333333333
1 0.35703125 0.23333333333333334 0.0453125 0.14166666666666666
1 0.2359375 0.275 0.1 0.15416666666666667
