2 0.7674479166666667 0.1 0.0515625 0.12037037037037036
2 0.8075520833333333 0.13657407407407407 0.08802083333333334 0.1675925925925926
2 0.7013020833333333 0.1162037037037037 0.11302083333333333 0.12685185185185185
2 0.73984375 0.1648148148148148 0.12135416666666667 0.15925925925925927
2 0.6127604166666667 0.11157407407407408 0.05572916666666667 0.09537037037037037
2 0.6171875 0.16944444444444445 0.06875 0.1425925925925926
2 0.26848958333333334 0.1837962962962963 0.09322916666666667 0.20092592592592592
0 0.17395833333333333 0.8773148148148148 0.12708333333333333 0.23796296296296296
3 0.48333333333333334 0.17731481481481481 0.228125 0.3175925925925926
3 0.5671875 0.38472222222222224 0.36354166666666665 0.41574074074074074
3 0.128125 0.25601851851851853 0.25625 0.5120370370370371
