2 0.6012 0.4017 0.1179 0.1084
2 0.1599 0.5758 0.1220 0.2328
2 0.3186 0.5626 0.1866 0.2103
2 0.8279 0.4372 0.1252 0.1139
2 0.3195 0.7578 0.3241 0.3554
0 0.952734375 0.4423611111111111 0.04609375 0.0763888888888889
0 0.90390625 0.4375 0.0546875 0.05555555555555555
0 0.9203125 0.4409722222222222 0.01875 0.043055555555555555
2 0.905078125 0.3902777777777778 0.03984375 0.058333333333333334
2 0.955859375 0.4131944444444444 0.06015625 0.07083333333333333
2 0.489453125 0.40694444444444444 0.04921875 0.09166666666666666
4 0.080859375 0.4097222222222222 0.02578125 0.07777777777777778
4 0.17421875 0.45069444444444445 0.03125 0.059722222222222225
