2 0.4802 0.2242 0.1935 0.2009
2 0.5855 0.1173 0.1431 0.1276
2 0.7334 0.1086 0.0862 0.1271
2 0.2590 0.2042 0.1637 0.1907
2 0.1073 0.1893 0.1206 0.1896
2 0.0277 0.2965 0.0543 0.1792
1 0.6205729166666667 0.018518518518518517 0.0453125 0.037037037037037035
3 0.7958333333333333 0.04953703703703704 0.08645833333333333 0.09722222222222222
2 0.31614583333333335 0.07962962962962963 0.06666666666666667 0.1111111111111111
2 0.5166666666666667 0.08009259259259259 0.06770833333333333 0.11944444444444445
2 0.71171875 0.24351851851851852 0.20260416666666667 0.18888888888888888
1 0.40729166666666666 0.047685185185185185 0.06875 0.09351851851851851
