2 0.8060 0.2433 0.1348 0.1795
2 0.9559 0.3378 0.0921 0.2187
2 0.7281 0.1085 0.1031 0.1205
2 0.2494 0.3663 0.2785 0.3271
2 0.6113 0.2094 0.1868 0.1900
2 0.9098 0.1634 0.0607 0.1075
2 0.8755 0.1883 0.0808 0.1418
2 0.0714 0.3175 0.1463 0.2556
2 0.5456 0.0904 0.1113 0.1374
2 0.3653 0.2066 0.1957 0.2318
2 0.6583 0.0799 0.0693 0.1001
2 0.6394 0.0914 0.0954 0.1208
2 0.7081 0.0723 0.0731 0.0857
2 0.6209 0.0167 0.0695 0.0381
3 0.5028645833333333 0.04027777777777778 0.2015625 0.0787037037037037
2 0.12578125 0.06898148148148148 0.0515625 0.09351851851851851
2 0.13802083333333334 0.2023148148148148 0.08125 0.1638888888888889
2 0.4088541666666667 0.08009259259259259 0.06770833333333333 0.13796296296296295
2 0.42734375 0.10648148148148148 0.07760416666666667 0.12777777777777777
2 0.809375 0.08981481481481482 0.03125 0.08703703703703704
2 0.7765625 0.09259259259259259 0.059375 0.1111111111111111
2 0.59296875 0.1162037037037037 0.1453125 0.13055555555555556
2 0.58828125 0.4152777777777778 0.3380208333333333 0.3638888888888889
1 0.22630208333333332 0.05555555555555555 0.05260416666666667 0.1111111111111111
