2 0.2559895833333333 0.03425925925925926 0.09010416666666667 0.06666666666666667
2 0.7794270833333333 0.0787037037037037 0.0609375 0.07407407407407407
2 0.8348958333333333 0.11805555555555555 0.059375 0.0787037037037037
2 0.8276041666666667 0.22824074074074074 0.12916666666666668 0.19907407407407407
2 0.78125 0.15138888888888888 0.090625 0.13055555555555556
2 0.7661458333333333 0.09722222222222222 0.06666666666666667 0.08518518518518518
2 0.7096354166666666 0.11296296296296296 0.1046875 0.10185185185185185
2 0.66328125 0.2310185185185185 0.2109375 0.20462962962962963
2 0.57734375 0.1037037037037037 0.1453125 0.12407407407407407
2 0.54921875 0.1726851851851852 0.16927083333333334 0.16203703703703703
2 0.5049479166666667 0.3907407407407407 0.3359375 0.3574074074074074
1 0.39895833333333336 0.04259259259259259 0.052083333333333336 0.08518518518518518
1 0.49557291666666664 0.04675925925925926 0.06822916666666666 0.09166666666666666
1 0.3229166666666667 0.043055555555555555 0.036458333333333336 0.08425925925925926
3 0.14401041666666667 0.28888888888888886 0.28802083333333334 0.5425925925925926
3 0.3385416666666667 0.1837962962962963 0.22291666666666668 0.262037037037037
