2 0.026041666666666668 0.31342592592592594 0.042708333333333334 0.05462962962962963
2 0.11119791666666666 0.300462962962963 0.04739583333333333 0.0712962962962963
2 0.16145833333333334 0.3111111111111111 0.03333333333333333 0.09444444444444444
2 0.41692708333333334 0.28935185185185186 0.04114583333333333 0.09351851851851851
2 0.41119791666666666 0.3106481481481482 0.043229166666666666 0.10277777777777777
3 0.4783854166666667 0.2361111111111111 0.1453125 0.10925925925925926
3 0.3828125 0.3296296296296296 0.09791666666666667 0.17407407407407408
3 0.2984375 0.28703703703703703 0.07083333333333333 0.14074074074074075
3 0.23151041666666666 0.3347222222222222 0.1203125 0.18055555555555555
1 0.00703125 0.36342592592592593 0.013020833333333334 0.08981481481481482
