2 0.5166015625 0.7371527777777778 0.514453125 0.5215277777777778
2 0.9876953125 0.034375 0.023046875 0.04652777777777778
2 0.98515625 0.07083333333333333 0.028125 0.07083333333333333
2 0.2587890625 0.049305555555555554 0.053515625 0.07083333333333333
2 0.318359375 0.03576388888888889 0.02734375 0.05625
2 0.96953125 0.060069444444444446 0.059375 0.09236111111111112
2 0.92265625 0.051041666666666666 0.08359375 0.09375
2 0.8443359375 0.03576388888888889 0.086328125 0.06597222222222222
1 0.9533203125 0.1638888888888889 0.091796875 0.17777777777777778
1 0.8560546875 0.13402777777777777 0.121484375 0.16944444444444445
