2 0.0230 0.2948 0.0471 0.2079
3 0.022395833333333334 0.11805555555555555 0.04375 0.16944444444444445
2 0.13098958333333333 0.21203703703703702 0.1015625 0.17962962962962964
2 0.4356770833333333 0.09305555555555556 0.0640625 0.11944444444444445
2 0.5661458333333333 0.10648148148148148 0.14270833333333333 0.12407407407407407
2 0.5713541666666667 0.17037037037037037 0.18333333333333332 0.17777777777777778
2 0.31927083333333334 0.08009259259259259 0.06770833333333333 0.10277777777777777
2 0.22708333333333333 0.10092592592592593 0.04583333333333333 0.11851851851851852
1 0.3140625 0.04212962962962963 0.04895833333333333 0.0787037037037037
1 0.39401041666666664 0.04722222222222222 0.043229166666666666 0.09444444444444444
