3 0.46588541666666666 0.2263888888888889 0.15260416666666668 0.11944444444444445
3 0.31171875 0.24583333333333332 0.04739583333333333 0.08425925925925926
2 0.14713541666666666 0.27175925925925926 0.0484375 0.06759259259259259
2 0.21536458333333333 0.26990740740740743 0.058854166666666666 0.058333333333333334
2 0.24817708333333333 0.2652777777777778 0.0265625 0.06388888888888888
2 0.2638020833333333 0.2657407407407407 0.0515625 0.07592592592592592
2 0.275 0.3111111111111111 0.07291666666666667 0.12777777777777777
2 0.21666666666666667 0.3449074074074074 0.1 0.16574074074074074
2 0.3703125 0.26944444444444443 0.04791666666666667 0.08518518518518518
2 0.40703125 0.26990740740740743 0.05677083333333333 0.08425925925925926
2 0.3921875 0.32731481481481484 0.08645833333333333 0.12129629629629629
