4 0.6041666666666666 0.5013888888888889 0.03125 0.09166666666666666
4 0.5520833333333334 0.4583333333333333 0.030208333333333334 0.1574074074074074
4 0.7755208333333333 0.5416666666666666 0.03958333333333333 0.12407407407407407
3 0.07760416666666667 0.9305555555555556 0.15416666666666667 0.13518518518518519
2 0.4609375 0.44305555555555554 0.08645833333333333 0.13055555555555556
2 0.4596354166666667 0.49212962962962964 0.10260416666666666 0.08055555555555556
2 0.47760416666666666 0.6657407407407407 0.17604166666666668 0.3074074074074074
2 0.6408854166666667 0.6462962962962963 0.18802083333333333 0.25
2 0.9020833333333333 0.6097222222222223 0.190625 0.25462962962962965
2 0.90859375 0.8314814814814815 0.1796875 0.2722222222222222
1 0.33151041666666664 0.4027777777777778 0.021354166666666667 0.12407407407407407
1 0.29713541666666665 0.39444444444444443 0.06510416666666667 0.13518518518518519
