4 0.8794270833333333 0.6203703703703703 0.030729166666666665 0.12962962962962962
4 0.9184895833333333 0.5953703703703703 0.027604166666666666 0.12962962962962962
4 0.5622395833333333 0.5800925925925926 0.0234375 0.0824074074074074
4 0.46822916666666664 0.6324074074074074 0.021875 0.1259259259259259
3 0.47552083333333334 0.5092592592592593 0.171875 0.14629629629629629
2 0.6546875 0.6074074074074074 0.084375 0.11481481481481481
2 0.7799479166666666 0.6259259259259259 0.12447916666666667 0.1388888888888889
2 0.5427083333333333 0.575925925925926 0.05520833333333333 0.09074074074074075
2 0.4744791666666667 0.6018518518518519 0.059375 0.12222222222222222
2 0.41432291666666665 0.5796296296296296 0.07552083333333333 0.1
2 0.40572916666666664 0.6435185185185185 0.06458333333333334 0.15185185185185185
2 0.21901041666666668 0.6472222222222223 0.09947916666666666 0.12222222222222222
2 0.18619791666666666 0.6217592592592592 0.1078125 0.11388888888888889
2 0.06796875 0.6620370370370371 0.1359375 0.14629629629629629
1 0.7223958333333333 0.5486111111111112 0.03958333333333333 0.06759259259259259
1 0.9033854166666667 0.5861111111111111 0.05364583333333333 0.13518518518518519
1 0.9557291666666666 0.5962962962962963 0.08645833333333333 0.14074074074074075
