2 0.2262 0.3655 0.0983 0.1882
1 0.5981770833333333 0.4023148148148148 0.06822916666666666 0.17685185185185184
1 0.64140625 0.45787037037037037 0.1171875 0.20462962962962963
1 0.7075520833333333 0.5449074074074074 0.1328125 0.2657407407407407
4 0.12005208333333334 0.3527777777777778 0.0265625 0.19444444444444445
4 0.1703125 0.37824074074074077 0.034375 0.17685185185185184
4 0.0453125 0.2967592592592593 0.021875 0.026851851851851852
4 0.61953125 0.5370370370370371 0.04010416666666667 0.1962962962962963
3 0.3997395833333333 0.23657407407407408 0.1765625 0.1675925925925926
2 0.010416666666666666 0.3787037037037037 0.020833333333333332 0.1685185185185185
