2 0.8895833333333333 0.40324074074074073 0.20520833333333333 0.2916666666666667
2 0.5486979166666667 0.3958333333333333 0.3223958333333333 0.3509259259259259
2 0.2171875 0.38333333333333336 0.25416666666666665 0.29444444444444445
2 0.059895833333333336 0.3398148148148148 0.11979166666666667 0.22037037037037038
2 0.14427083333333332 0.21296296296296297 0.08333333333333333 0.16666666666666666
2 0.13463541666666667 0.08472222222222223 0.04010416666666667 0.09351851851851851
2 0.11067708333333333 0.06944444444444445 0.06822916666666666 0.09444444444444444
2 0.8596354166666667 0.10324074074074074 0.05260416666666667 0.09166666666666666
2 0.9033854166666667 0.1685185185185185 0.05364583333333333 0.1388888888888889
2 0.88984375 0.19537037037037036 0.06302083333333333 0.1685185185185185
2 0.8270833333333333 0.23148148148148148 0.12708333333333333 0.1962962962962963
2 0.6473958333333333 0.23564814814814813 0.21770833333333334 0.22685185185185186
2 0.5580729166666667 0.17083333333333334 0.14010416666666667 0.1527777777777778
2 0.5265625 0.08518518518518518 0.078125 0.12222222222222222
2 0.8020833333333334 0.0625 0.04583333333333333 0.05092592592592592
2 0.7807291666666667 0.09398148148148149 0.06666666666666667 0.10462962962962963
2 0.8104166666666667 0.12731481481481483 0.071875 0.1175925925925926
2 0.8088541666666667 0.031018518518518518 0.040625 0.06018518518518518
2 0.740625 0.04861111111111111 0.03854166666666667 0.08611111111111111
2 0.6921875 0.060648148148148145 0.07708333333333334 0.08981481481481482
2 0.7283854166666667 0.0625 0.03802083333333333 0.08981481481481482
2 0.61015625 0.08194444444444444 0.1015625 0.11944444444444445
2 0.6666666666666666 0.1 0.13854166666666667 0.11481481481481481
1 0.3963541666666667 0.05138888888888889 0.06458333333333334 0.10277777777777777
1 0.29739583333333336 0.04259259259259259 0.058333333333333334 0.08518518518518518
1 0.3184895833333333 0.059722222222222225 0.0453125 0.1175925925925926
3 0.3963541666666667 0.1935185185185185 0.234375 0.2462962962962963
