2 0.3870 0.3299 0.0722 0.1121
2 0.30703125 0.25324074074074077 0.0453125 0.03981481481481482
2 0.2796875 0.3175925925925926 0.06770833333333333 0.12407407407407407
2 0.234375 0.2875 0.06145833333333333 0.08055555555555556
2 0.23255208333333333 0.3560185185185185 0.1046875 0.14351851851851852
2 0.16119791666666666 0.3101851851851852 0.033854166666666664 0.0962962962962963
2 0.10911458333333333 0.2962962962962963 0.043229166666666666 0.06296296296296296
2 0.11927083333333334 0.31527777777777777 0.035416666666666666 0.09722222222222222
2 0.07473958333333333 0.2949074074074074 0.0359375 0.05648148148148148
2 0.06692708333333333 0.3527777777777778 0.07864583333333333 0.10185185185185185
