2 0.7690104166666667 0.6171296296296296 0.10989583333333333 0.13055555555555556
2 0.6489583333333333 0.6060185185185185 0.07395833333333333 0.1175925925925926
2 0.47291666666666665 0.6129629629629629 0.065625 0.11851851851851852
2 0.4041666666666667 0.6324074074074074 0.0625 0.14814814814814814
2 0.21197916666666666 0.5782407407407407 0.09895833333333333 0.06574074074074074
2 0.221875 0.6652777777777777 0.090625 0.16203703703703703
2 0.16380208333333332 0.6476851851851851 0.0734375 0.12314814814814815
2 0.08489583333333334 0.6912037037037037 0.16145833333333334 0.15648148148148147
1 0.6591145833333333 0.5560185185185185 0.07864583333333333 0.10092592592592593
1 0.7184895833333333 0.538425925925926 0.04635416666666667 0.05277777777777778
1 0.8190104166666666 0.5722222222222222 0.08177083333333333 0.11481481481481481
1 0.91796875 0.587037037037037 0.0828125 0.13518518518518519
4 0.525 0.6097222222222223 0.03125 0.14166666666666666
4 0.4197916666666667 0.625462962962963 0.03229166666666667 0.10462962962962963
4 0.8903645833333333 0.5726851851851852 0.0234375 0.06388888888888888
3 0.4765625 0.5189814814814815 0.17083333333333334 0.14907407407407408
