2 0.2902 0.5940 0.1461 0.2176
2 0.5656 0.4110 0.1310 0.1353
2 0.8947 0.7640 0.2078 0.3853
2 0.1991 0.4041 0.1141 0.1366
2 0.0147 0.4299 0.0336 0.1647
0 0.966015625 0.44375 0.03359375 0.07916666666666666
0 0.948046875 0.43819444444444444 0.04140625 0.07916666666666666
0 0.919921875 0.43680555555555556 0.04609375 0.08194444444444444
0 0.890625 0.43125 0.0515625 0.07361111111111111
0 0.859375 0.42916666666666664 0.0609375 0.07777777777777778
4 0.36796875 0.5222222222222223 0.0375 0.17222222222222222
4 0.130078125 0.5083333333333333 0.03046875 0.17222222222222222
4 0.02734375 0.4701388888888889 0.0203125 0.1597222222222222
2 0.009765625 0.7090277777777778 0.01953125 0.3347222222222222
2 0.807421875 0.36041666666666666 0.04609375 0.0625
2 0.903125 0.38958333333333334 0.034375 0.06527777777777778
