2 0.0295 0.7219 0.0629 0.3520
0 0.946875 0.44930555555555557 0.0453125 0.0763888888888889
2 0.95546875 0.39652777777777776 0.0546875 0.08472222222222223
2 0.901953125 0.3888888888888889 0.03515625 0.06111111111111111
2 0.549609375 0.5243055555555556 0.14453125 0.21805555555555556
2 0.348046875 0.3770833333333333 0.10859375 0.10694444444444444
2 0.159765625 0.5465277777777777 0.14453125 0.24861111111111112
2 0.019921875 0.48125 0.03984375 0.1625
2 0.813671875 0.7763888888888889 0.36796875 0.31666666666666665
2 0.80859375 0.9486111111111111 0.3796875 0.09722222222222222
2 0.318359375 0.6944444444444444 0.33984375 0.25555555555555554
2 0.228125 0.8201388888888889 0.421875 0.3541666666666667
