2 0.0046875 0.31527777777777777 0.009375 0.058333333333333334
2 0.03984375 0.3074074074074074 0.028645833333333332 0.06111111111111111
2 0.10390625 0.3023148148148148 0.04114583333333333 0.06759259259259259
2 0.15807291666666667 0.3236111111111111 0.030729166666666665 0.09351851851851851
2 0.14817708333333332 0.2800925925925926 0.0421875 0.041666666666666664
2 0.39739583333333334 0.27824074074074073 0.05520833333333333 0.08425925925925926
2 0.39166666666666666 0.3189814814814815 0.0625 0.13055555555555556
2 0.296875 0.2652777777777778 0.05416666666666667 0.05462962962962963
2 0.24713541666666666 0.26296296296296295 0.06510416666666667 0.046296296296296294
2 0.24869791666666666 0.2814814814814815 0.0546875 0.06111111111111111
2 0.28151041666666665 0.3138888888888889 0.06822916666666666 0.10925925925925926
2 0.23229166666666667 0.3611111111111111 0.09375 0.15925925925925927
