3 0.10807291666666667 0.3337962962962963 0.21197916666666666 0.3972222222222222
2 0.83828125 0.1050925925925926 0.050520833333333334 0.09537037037037037
2 0.7828125 0.043055555555555555 0.03958333333333333 0.041666666666666664
2 0.7755208333333333 0.07222222222222222 0.06458333333333334 0.07037037037037037
2 0.7380208333333333 0.0824074074074074 0.058333333333333334 0.053703703703703705
2 0.8052083333333333 0.12083333333333333 0.06666666666666667 0.10462962962962963
2 0.8432291666666667 0.2050925925925926 0.109375 0.1787037037037037
2 0.740625 0.1412037037037037 0.12083333333333333 0.12314814814814815
2 0.6421875 0.06666666666666667 0.09479166666666666 0.09814814814814815
2 0.6635416666666667 0.1162037037037037 0.12083333333333333 0.14351851851851852
2 0.73203125 0.24259259259259258 0.20364583333333333 0.21851851851851853
2 0.79609375 0.3958333333333333 0.3078125 0.3768518518518518
2 0.5916666666666667 0.175 0.18854166666666666 0.16111111111111112
2 0.51875 0.08009259259259259 0.08229166666666667 0.13240740740740742
2 0.440625 0.2023148148148148 0.14270833333333333 0.15092592592592594
2 0.4348958333333333 0.4027777777777778 0.290625 0.3333333333333333
2 0.3997395833333333 0.07037037037037037 0.0359375 0.09074074074074075
2 0.50625 0.11203703703703703 0.04375 0.1259259259259259
2 0.2674479166666667 0.1962962962962963 0.10260416666666666 0.20925925925925926
2 0.11484375 0.16342592592592592 0.04739583333333333 0.06759259259259259
