2 0.39140625 0.2708333333333333 0.0484375 0.07314814814814814
2 0.4125 0.2916666666666667 0.051041666666666666 0.10185185185185185
2 0.3963541666666667 0.33101851851851855 0.075 0.11574074074074074
2 0.30885416666666665 0.26944444444444443 0.040625 0.05
2 0.28072916666666664 0.2740740740740741 0.03958333333333333 0.053703703703703705
2 0.2864583333333333 0.32037037037037036 0.057291666666666664 0.1111111111111111
2 0.22786458333333334 0.28425925925925927 0.033854166666666664 0.06111111111111111
2 0.23411458333333332 0.3537037037037037 0.1109375 0.15185185185185185
2 0.15911458333333334 0.3023148148148148 0.0359375 0.10648148148148148
2 0.10833333333333334 0.28935185185185186 0.04375 0.05092592592592592
2 0.10859375 0.2972222222222222 0.025520833333333333 0.03518518518518519
2 0.11328125 0.324537037037037 0.0515625 0.09351851851851851
2 0.06171875 0.35324074074074074 0.08385416666666666 0.09537037037037037
2 0.04348958333333333 0.3148148148148148 0.025520833333333333 0.06111111111111111
2 0.007552083333333333 0.3375 0.015104166666666667 0.0712962962962963
3 0.47942708333333334 0.2375 0.13697916666666668 0.09351851851851851
3 0.05286458333333333 0.5310185185185186 0.10364583333333334 0.39537037037037037
3 0.25338541666666664 0.27314814814814814 0.05677083333333333 0.1
3 0.14869791666666668 0.2564814814814815 0.04114583333333333 0.06296296296296296
