1 0.7126 0.7571 0.3365 0.4692
1 0.9738 0.7514 0.0548 0.4730
1 0.7585 0.3902 0.0852 0.1493
4 0.60625 0.5171296296296296 0.034375 0.1527777777777778
4 0.5890625 0.6314814814814815 0.042708333333333334 0.15
2 0.04453125 0.5189814814814815 0.0703125 0.14351851851851852
2 0.0828125 0.5453703703703704 0.10625 0.19074074074074074
2 0.5796875 0.5152777777777777 0.17604166666666668 0.15462962962962962
2 0.465625 0.5564814814814815 0.24270833333333333 0.1259259259259259
2 0.44036458333333334 0.6606481481481481 0.27760416666666665 0.275
