3 0.022395833333333334 0.10833333333333334 0.04375 0.17592592592592593
2 0.8575520833333333 0.06805555555555555 0.044270833333333336 0.075
2 0.803125 0.027777777777777776 0.035416666666666666 0.053703703703703705
2 0.6130208333333333 0.10694444444444444 0.1375 0.1175925925925926
2 0.5822916666666667 0.22407407407407406 0.22916666666666666 0.23333333333333334
2 0.4518229166666667 0.17037037037037037 0.16197916666666667 0.17777777777777778
2 0.425 0.08518518518518518 0.08229166666666667 0.12222222222222222
2 0.3216145833333333 0.07361111111111111 0.058854166666666666 0.08611111111111111
2 0.2765625 0.20694444444444443 0.0875 0.1675925925925926
2 0.0640625 0.3490740740740741 0.128125 0.24814814814814815
2 0.12760416666666666 0.07037037037037037 0.04791666666666667 0.08333333333333333
