2 0.0046875 0.3712962962962963 0.007291666666666667 0.1
2 0.00859375 0.31851851851851853 0.016145833333333335 0.04814814814814815
2 0.029166666666666667 0.31527777777777777 0.03958333333333333 0.05092592592592592
2 0.07161458333333333 0.30092592592592593 0.030729166666666665 0.06111111111111111
2 0.10729166666666666 0.2912037037037037 0.041666666666666664 0.058333333333333334
2 0.11041666666666666 0.32083333333333336 0.05 0.10092592592592593
2 0.06458333333333334 0.3578703703703704 0.07291666666666667 0.10833333333333334
2 0.15625 0.29444444444444445 0.015625 0.06481481481481481
2 0.16432291666666668 0.31203703703703706 0.025520833333333333 0.08703703703703704
2 0.19505208333333332 0.2675925925925926 0.025520833333333333 0.05
2 0.22239583333333332 0.2759259259259259 0.0375 0.05
2 0.25494791666666666 0.2726851851851852 0.0453125 0.06574074074074074
2 0.2875 0.2712962962962963 0.040625 0.06111111111111111
2 0.2986979166666667 0.2953703703703704 0.043229166666666666 0.08518518518518518
2 0.24244791666666668 0.3472222222222222 0.09635416666666667 0.1648148148148148
2 0.38958333333333334 0.32731481481481484 0.071875 0.11388888888888889
2 0.41328125 0.2912037037037037 0.0515625 0.11574074074074074
3 0.4713541666666667 0.24351851851851852 0.12604166666666666 0.09259259259259259
