4 0.8903645833333333 0.5745370370370371 0.0234375 0.08981481481481482
4 0.86640625 0.6055555555555555 0.030729166666666665 0.13333333333333333
4 0.478125 0.6550925925925926 0.020833333333333332 0.14166666666666666
2 0.7796875 0.6259259259259259 0.12916666666666668 0.13148148148148148
2 0.471875 0.6083333333333333 0.06770833333333333 0.11666666666666667
2 0.40260416666666665 0.6527777777777778 0.0625 0.12407407407407407
2 0.30833333333333335 0.6027777777777777 0.042708333333333334 0.12777777777777777
2 0.22265625 0.6481481481481481 0.08802083333333334 0.1111111111111111
2 0.05130208333333333 0.6699074074074074 0.10260416666666666 0.13055555555555556
1 0.9528645833333333 0.6157407407407407 0.07447916666666667 0.15925925925925927
