2 0.6022 0.3957 0.3233 0.3309
2 0.9164 0.3884 0.1599 0.2748
2 0.0619 0.3125 0.1266 0.2472
2 0.7469 0.2363 0.1641 0.1952
2 0.5544 0.1689 0.1460 0.1614
2 0.8613 0.2218 0.0952 0.1740
2 0.6986 0.1050 0.1197 0.1310
2 0.7064 0.1656 0.1271 0.1381
2 0.2630 0.1845 0.1072 0.1785
2 0.5875 0.1209 0.1211 0.1337
2 0.1073 0.2031 0.0939 0.1577
2 0.9746 0.3269 0.0533 0.2281
1 0.40703125 0.04490740740740741 0.07239583333333334 0.08981481481481482
2 0.059895833333333336 0.12222222222222222 0.065625 0.1
2 0.08697916666666666 0.11851851851851852 0.08541666666666667 0.10925925925925926
2 0.77109375 0.024537037037037038 0.034895833333333334 0.049074074074074076
2 0.8458333333333333 0.12685185185185185 0.051041666666666666 0.10555555555555556
2 0.796875 0.13796296296296295 0.08854166666666667 0.11851851851851852
2 0.7875 0.05324074074074074 0.04375 0.06944444444444445
2 0.7747395833333334 0.05694444444444444 0.0453125 0.05277777777777778
2 0.76953125 0.09305555555555556 0.0765625 0.09722222222222222
2 0.44192708333333336 0.21342592592592594 0.14635416666666667 0.21574074074074073
