2 0.896875 0.1912037037037037 0.071875 0.1361111111111111
2 0.6953125 0.06481481481481481 0.06875 0.09259259259259259
2 0.71640625 0.11157407407407408 0.08697916666666666 0.10462962962962963
2 0.7341145833333333 0.16666666666666666 0.13489583333333333 0.13518518518518519
2 0.6466145833333333 0.0787037037037037 0.0859375 0.08703703703703704
2 0.65 0.12222222222222222 0.07604166666666666 0.11296296296296296
2 0.5317708333333333 0.08981481481481482 0.09895833333333333 0.11666666666666667
2 0.590625 0.1550925925925926 0.18020833333333333 0.19537037037037036
2 0.41510416666666666 0.08009259259259259 0.07291666666666667 0.10277777777777777
2 0.4552083333333333 0.21481481481481482 0.17604166666666668 0.22037037037037038
2 0.27447916666666666 0.17962962962962964 0.10625 0.1259259259259259
2 0.13359375 0.2111111111111111 0.08697916666666666 0.15925925925925927
2 0.07421875 0.3384259259259259 0.1484375 0.2657407407407407
2 0.26458333333333334 0.3685185185185185 0.284375 0.3314814814814815
1 0.3953125 0.03564814814814815 0.05520833333333333 0.06944444444444445
1 0.68125 0.01990740740740741 0.04583333333333333 0.03981481481481482
3 0.7536458333333333 0.3731481481481482 0.321875 0.40555555555555556
