1 0.0819 0.7864 0.1633 0.4200
3 0.40078125 0.2791666666666667 0.13802083333333334 0.287962962962963
2 0.29322916666666665 0.2791666666666667 0.04479166666666667 0.06574074074074074
2 0.22083333333333333 0.2828703703703704 0.03854166666666667 0.08425925925925926
2 0.25390625 0.2865740740740741 0.050520833333333334 0.09351851851851851
2 0.09921875 0.28425925925925927 0.030729166666666665 0.03518518518518519
2 0.12630208333333334 0.2763888888888889 0.0359375 0.028703703703703703
2 0.16276041666666666 0.3055555555555556 0.024479166666666666 0.09074074074074075
2 0.10755208333333334 0.32222222222222224 0.058854166666666666 0.1111111111111111
2 0.0640625 0.3537037037037037 0.07916666666666666 0.1037037037037037
2 0.2721354166666667 0.33194444444444443 0.0765625 0.10462962962962963
2 0.0078125 0.3523148148148148 0.014583333333333334 0.08425925925925926
