2 0.007291666666666667 0.3263888888888889 0.014583333333333334 0.05092592592592592
2 0.01015625 0.30092592592592593 0.0203125 0.025925925925925925
2 0.03411458333333333 0.3106481481481482 0.04114583333333333 0.05462962962962963
2 0.07630208333333334 0.2902777777777778 0.03177083333333333 0.04351851851851852
2 0.06354166666666666 0.3333333333333333 0.07604166666666666 0.08518518518518518
2 0.11328125 0.2851851851851852 0.04114583333333333 0.03333333333333333
2 0.1140625 0.31527777777777777 0.03958333333333333 0.06388888888888888
2 0.16015625 0.27361111111111114 0.0265625 0.041666666666666664
2 0.1625 0.3055555555555556 0.03333333333333333 0.06481481481481481
2 0.19375 0.28055555555555556 0.019791666666666666 0.053703703703703705
2 0.22942708333333334 0.28888888888888886 0.04114583333333333 0.06296296296296296
2 0.26119791666666664 0.27824074074074073 0.0390625 0.05462962962962963
2 0.27265625 0.2662037037037037 0.028645833333333332 0.06944444444444445
2 0.29635416666666664 0.26851851851851855 0.03854166666666667 0.06481481481481481
2 0.29375 0.3055555555555556 0.03854166666666667 0.10555555555555556
2 0.2625 0.3296296296296296 0.09895833333333333 0.10925925925925926
2 0.3651041666666667 0.2537037037037037 0.0375 0.05185185185185185
2 0.3846354166666667 0.3277777777777778 0.0796875 0.11296296296296296
3 0.41901041666666666 0.25555555555555554 0.11302083333333333 0.16666666666666666
3 0.5018229166666667 0.24351851851851852 0.0921875 0.09444444444444444
3 0.18489583333333334 0.6509259259259259 0.36875 0.6907407407407408
