2 0.3806 0.4819 0.1371 0.2412
3 0.40729166666666666 0.24351851851851852 0.16458333333333333 0.1685185185185185
2 0.20234375 0.36435185185185187 0.1328125 0.16018518518518518
2 0.019010416666666665 0.3388888888888889 0.03802083333333333 0.18518518518518517
1 0.5622395833333333 0.39305555555555555 0.09739583333333333 0.1824074074074074
1 0.6356770833333333 0.41898148148148145 0.1109375 0.13425925925925927
1 0.71015625 0.538425925925926 0.1234375 0.2657407407407407
1 0.6216145833333333 0.6074074074074074 0.2015625 0.3074074074074074
4 0.4671875 0.5166666666666667 0.04479166666666667 0.23148148148148148
4 0.015104166666666667 0.37222222222222223 0.029166666666666667 0.17222222222222222
4 0.22265625 0.3736111111111111 0.049479166666666664 0.16574074074074074
