2 0.2346 0.3506 0.0878 0.1445
2 0.3959 0.3370 0.0884 0.1404
2 0.0702 0.3437 0.0835 0.1051
2 0.0578125 0.6092592592592593 0.115625 0.337037037037037
2 0.115625 0.30972222222222223 0.042708333333333334 0.06944444444444445
2 0.15755208333333334 0.275 0.033854166666666664 0.03148148148148148
2 0.16119791666666666 0.31805555555555554 0.033854166666666664 0.09351851851851851
2 0.22161458333333334 0.28194444444444444 0.024479166666666666 0.05648148148148148
2 0.24348958333333334 0.2773148148148148 0.043229166666666666 0.06574074074074074
2 0.2947916666666667 0.29583333333333334 0.04583333333333333 0.11018518518518519
