2 0.07421875 0.29583333333333334 0.028645833333333332 0.058333333333333334
2 0.06901041666666667 0.3523148148148148 0.0765625 0.10648148148148148
2 0.1125 0.30092592592592593 0.036458333333333336 0.06111111111111111
2 0.11380208333333333 0.32546296296296295 0.0421875 0.09166666666666666
2 0.1546875 0.30787037037037035 0.034375 0.0787037037037037
2 0.19427083333333334 0.2740740740740741 0.019791666666666666 0.05555555555555555
2 0.22552083333333334 0.2902777777777778 0.028125 0.07314814814814814
2 0.24765625 0.2814814814814815 0.0453125 0.07777777777777778
2 0.3015625 0.2865740740740741 0.03229166666666667 0.08055555555555556
2 0.275 0.32314814814814813 0.06666666666666667 0.1037037037037037
2 0.23541666666666666 0.3587962962962963 0.08541666666666667 0.125
2 0.390625 0.3162037037037037 0.07604166666666666 0.1398148148148148
1 0.00546875 0.3611111111111111 0.0109375 0.10185185185185185
3 0.471875 0.23935185185185184 0.11875 0.08981481481481482
3 0.390625 0.25462962962962965 0.071875 0.07592592592592592
