2 0.2792 0.3761 0.1067 0.1130
2 0.6706 0.4104 0.1167 0.1096
2 0.5040 0.3872 0.0930 0.1203
2 0.0094 0.4511 0.0213 0.1611
0 0.966015625 0.43819444444444444 0.03515625 0.07361111111111111
0 0.941796875 0.4395833333333333 0.05546875 0.07916666666666666
0 0.89140625 0.4361111111111111 0.05 0.07777777777777778
0 0.85 0.42083333333333334 0.05 0.07777777777777778
4 0.105859375 0.4840277777777778 0.03046875 0.1375
2 0.16328125 0.56875 0.125 0.24305555555555555
2 0.31171875 0.5895833333333333 0.1859375 0.2152777777777778
2 0.97578125 0.3590277777777778 0.0265625 0.0625
2 0.89765625 0.3541666666666667 0.046875 0.05
2 0.9640625 0.42291666666666666 0.0484375 0.09583333333333334
2 0.779296875 0.3597222222222222 0.06640625 0.058333333333333334
1 0.1953125 0.38819444444444445 0.040625 0.11527777777777778
