1 0.3653 0.3007 0.0887 0.1538
3 0.39921875 0.24351851851851852 0.17447916666666666 0.1685185185185185
2 0.020052083333333335 0.3351851851851852 0.04010416666666667 0.18888888888888888
2 0.19479166666666667 0.33287037037037037 0.10104166666666667 0.17314814814814813
2 0.22083333333333333 0.4046296296296296 0.09479166666666666 0.24259259259259258
2 0.26953125 0.32407407407407407 0.1234375 0.16296296296296298
2 0.3536458333333333 0.4046296296296296 0.11145833333333334 0.21481481481481482
2 0.4005208333333333 0.5097222222222222 0.13854166666666667 0.25462962962962965
1 0.032552083333333336 0.2388888888888889 0.06510416666666667 0.1111111111111111
1 0.13203125 0.24351851851851852 0.0640625 0.11481481481481481
1 0.21666666666666667 0.2361111111111111 0.08229166666666667 0.08333333333333333
1 0.3684895833333333 0.2935185185185185 0.09635416666666667 0.14629629629629629
1 0.54375 0.3111111111111111 0.04583333333333333 0.053703703703703705
1 0.5690104166666666 0.40046296296296297 0.09114583333333333 0.18425925925925926
1 0.7002604166666667 0.5203703703703704 0.12239583333333333 0.24259259259259258
1 0.6072916666666667 0.6185185185185185 0.22083333333333333 0.2851851851851852
1 0.7953125 0.662962962962963 0.13125 0.34444444444444444
1 0.9278645833333333 0.7458333333333333 0.1390625 0.36944444444444446
4 0.48880208333333336 0.5458333333333333 0.05572916666666667 0.22870370370370371
4 0.6315104166666666 0.5180555555555556 0.0359375 0.14166666666666666
4 0.16666666666666666 0.38657407407407407 0.03958333333333333 0.12685185185185185
