2 0.7338 0.2490 0.1679 0.1907
2 0.6282 0.1051 0.1425 0.1397
2 0.8614 0.2179 0.0903 0.1770
2 0.2485 0.1868 0.1515 0.1891
2 0.8740 0.1409 0.0651 0.1428
2 0.5931 0.0823 0.1083 0.1299
2 0.43203125 0.09953703703703703 0.07864583333333333 0.11574074074074074
2 0.47760416666666666 0.2199074074074074 0.21770833333333334 0.22870370370370371
2 0.7640625 0.08009259259259259 0.05625 0.11018518518518519
2 0.7325520833333333 0.11157407407407408 0.09635416666666667 0.10833333333333334
2 0.25546875 0.03333333333333333 0.07552083333333333 0.06111111111111111
2 0.48776041666666664 0.019444444444444445 0.0578125 0.037037037037037035
3 0.040625 0.12361111111111112 0.08125 0.15092592592592594
