1 0.40208333333333335 0.028703703703703703 0.06666666666666667 0.05740740740740741
3 0.10494791666666667 0.28055555555555556 0.20885416666666667 0.5074074074074074
2 0.24375 0.16435185185185186 0.057291666666666664 0.16944444444444445
2 0.48098958333333336 0.22037037037037038 0.2078125 0.1962962962962963
2 0.46770833333333334 0.4148148148148148 0.31666666666666665 0.3351851851851852
2 0.7645833333333333 0.24675925925925926 0.17291666666666666 0.22314814814814815
2 0.80546875 0.08657407407407407 0.0734375 0.0712962962962963
2 0.80390625 0.13472222222222222 0.08385416666666666 0.11203703703703703
2 0.7489583333333333 0.0412037037037037 0.042708333333333334 0.058333333333333334
2 0.74375 0.10740740740740741 0.08958333333333333 0.11666666666666667
2 0.609375 0.17731481481481481 0.17083333333333334 0.15648148148148147
2 0.5473958333333333 0.08472222222222223 0.12604166666666666 0.11944444444444445
2 0.6192708333333333 0.10277777777777777 0.140625 0.11296296296296296
2 0.40520833333333334 0.060648148148148145 0.058333333333333334 0.06388888888888888
2 0.4317708333333333 0.10185185185185185 0.08645833333333333 0.12962962962962962
2 0.7171875 0.0625 0.05520833333333333 0.09351851851851851
2 0.6723958333333333 0.08009259259259259 0.07395833333333333 0.11203703703703703
