4 0.59296875 0.39895833333333336 0.0359375 0.11041666666666666
4 0.471875 0.3927083333333333 0.034375 0.16458333333333333
4 0.18828125 0.7239583333333334 0.0609375 0.20208333333333334
2 0.31953125 0.6739583333333333 0.1640625 0.26875
2 0.928125 0.7385416666666667 0.140625 0.28125
2 0.98125 0.18229166666666666 0.034375 0.09791666666666667
2 0.815625 0.5583333333333333 0.1875 0.2875
2 0.69765625 0.7197916666666667 0.2609375 0.28541666666666665
2 0.69140625 0.38333333333333336 0.1328125 0.175
2 0.62734375 0.496875 0.1265625 0.25625
2 0.4140625 0.28541666666666665 0.146875 0.175
2 0.44140625 0.3572916666666667 0.1671875 0.18958333333333333
1 0.28046875 0.234375 0.0421875 0.12708333333333333
1 0.2234375 0.29791666666666666 0.1125 0.15833333333333333
