2 0.8022 0.2236 0.1281 0.1868
2 0.7160 0.1688 0.1280 0.1418
2 0.5666 0.2419 0.2268 0.1919
2 0.8801 0.2016 0.0650 0.1651
2 0.5477 0.1690 0.1705 0.1437
2 0.7934 0.1349 0.0657 0.0950
2 0.7364583333333333 0.08101851851851852 0.04375 0.09537037037037037
2 0.6919270833333333 0.10833333333333334 0.09114583333333333 0.12777777777777777
2 0.6697916666666667 0.03888888888888889 0.051041666666666666 0.07592592592592592
2 0.6419270833333334 0.08703703703703704 0.07447916666666667 0.13703703703703704
2 0.5328125 0.07685185185185185 0.096875 0.1259259259259259
2 0.5671875 0.10925925925925926 0.14375 0.1388888888888889
2 0.4153645833333333 0.08333333333333333 0.06927083333333334 0.10925925925925926
2 0.12317708333333334 0.1962962962962963 0.07552083333333333 0.17407407407407408
2 0.06822916666666666 0.33796296296296297 0.13541666666666666 0.24444444444444444
2 0.21510416666666668 0.0375 0.05416666666666667 0.06944444444444445
3 0.30572916666666666 0.1625 0.2 0.24166666666666667
2 0.2546875 0.375 0.271875 0.32222222222222224
1 0.39479166666666665 0.03518518518518519 0.05 0.07037037037037037
