2 0.6012 0.5259 0.1762 0.1920
2 0.5072 0.5740 0.1777 0.2014
1 0.9295 0.2937 0.0661 0.0929
4 0.7317708333333334 0.47129629629629627 0.027083333333333334 0.11851851851851852
3 0.8255208333333334 0.2273148148148148 0.14166666666666666 0.1175925925925926
2 0.38828125 0.6212962962962963 0.28177083333333336 0.3055555555555556
2 0.03411458333333333 0.5125 0.0671875 0.13055555555555556
2 0.07239583333333334 0.5472222222222223 0.13020833333333334 0.1574074074074074
1 0.9854166666666667 0.387037037037037 0.027083333333333334 0.16296296296296298
1 0.80078125 0.3939814814814815 0.08697916666666666 0.14537037037037037
1 0.7484375 0.39305555555555555 0.07708333333333334 0.15648148148148147
