2 0.0158 0.2144 0.0345 0.1262
2 0.22994791666666667 0.08657407407407407 0.0546875 0.09907407407407408
2 0.24635416666666668 0.18564814814814815 0.07395833333333333 0.16203703703703703
2 0.43776041666666665 0.22083333333333333 0.14739583333333334 0.19166666666666668
2 0.4231770833333333 0.07916666666666666 0.08177083333333333 0.13055555555555556
2 0.5205729166666667 0.10092592592592593 0.07552083333333333 0.14814814814814814
2 0.5674479166666667 0.16342592592592592 0.16510416666666666 0.1675925925925926
2 0.6395833333333333 0.10185185185185185 0.12395833333333334 0.08148148148148149
2 0.6544270833333333 0.2175925925925926 0.2109375 0.19814814814814816
2 0.6690104166666667 0.4013888888888889 0.3151041666666667 0.3490740740740741
2 0.8296875 0.24259259259259258 0.13958333333333334 0.18333333333333332
2 0.9046875 0.175 0.06666666666666667 0.10925925925925926
2 0.9833333333333333 0.2388888888888889 0.03125 0.13703703703703704
2 0.971875 0.34814814814814815 0.053125 0.23703703703703705
2 0.8846354166666667 0.36018518518518516 0.1828125 0.3
2 0.84765625 0.12916666666666668 0.06197916666666667 0.09907407407407408
2 0.8182291666666667 0.1486111111111111 0.07291666666666667 0.11388888888888889
2 0.7455729166666667 0.14953703703703702 0.11197916666666667 0.15092592592592594
2 0.6140625 0.0837962962962963 0.10520833333333333 0.0824074074074074
2 0.6864583333333333 0.07592592592592592 0.084375 0.11481481481481481
2 0.7151041666666667 0.056018518518518516 0.057291666666666664 0.08425925925925926
2 0.746875 0.04722222222222222 0.04583333333333333 0.06296296296296296
2 0.78828125 0.0375 0.0546875 0.05648148148148148
2 0.8109375 0.07685185185185185 0.041666666666666664 0.07037037037037037
2 0.78984375 0.09212962962962963 0.06302083333333333 0.08611111111111111
1 0.30859375 0.06296296296296296 0.0859375 0.12407407407407407
1 0.39114583333333336 0.0412037037037037 0.042708333333333334 0.07685185185185185
3 0.15234375 0.3055555555555556 0.24322916666666666 0.37962962962962965
