2 0.5997 0.0165 0.0817 0.0344
3 0.0703125 0.2708333333333333 0.140625 0.44351851851851853
2 0.13645833333333332 0.11481481481481481 0.05625 0.12777777777777777
2 0.2578125 0.2013888888888889 0.06145833333333333 0.1787037037037037
2 0.4375 0.225 0.13333333333333333 0.20555555555555555
2 0.55859375 0.17546296296296296 0.18697916666666667 0.1787037037037037
2 0.68671875 0.10740740740740741 0.10989583333333333 0.13148148148148148
2 0.75390625 0.08101851851851852 0.06822916666666666 0.05277777777777778
2 0.7471354166666667 0.15324074074074073 0.12864583333333332 0.16574074074074074
2 0.9442708333333333 0.17546296296296296 0.06354166666666666 0.14166666666666666
2 0.5572916666666666 0.09814814814814815 0.14479166666666668 0.12222222222222222
2 0.4122395833333333 0.07916666666666666 0.0609375 0.10462962962962963
1 0.40729166666666666 0.04722222222222222 0.06875 0.09444444444444444
