2 0.7177 0.4082 0.1229 0.1164
2 0.2065 0.4986 0.1489 0.1834
2 0.3197 0.5205 0.1366 0.1835
4 0.365625 0.5472222222222223 0.05 0.18888888888888888
4 0.12578125 0.5111111111111111 0.0328125 0.1638888888888889
4 0.010546875 0.5027777777777778 0.02109375 0.21388888888888888
2 0.209375 0.6743055555555556 0.2703125 0.2569444444444444
2 0.04296875 0.4465277777777778 0.0859375 0.18472222222222223
2 0.92109375 0.35138888888888886 0.0515625 0.05
2 0.815625 0.32569444444444445 0.034375 0.04027777777777778
2 0.80859375 0.36319444444444443 0.0421875 0.06527777777777778
2 0.95703125 0.41041666666666665 0.0578125 0.05694444444444444
2 0.91484375 0.3958333333333333 0.059375 0.06388888888888888
0 0.967578125 0.4395833333333333 0.03046875 0.07083333333333333
0 0.945703125 0.4423611111111111 0.03984375 0.0763888888888889
0 0.89453125 0.42916666666666664 0.04375 0.075
0 0.86484375 0.4236111111111111 0.0515625 0.09166666666666666
