2 0.8286458333333333 0.38842592592592595 0.17395833333333333 0.16203703703703703
2 0.9658854166666667 0.4111111111111111 0.06614583333333333 0.15555555555555556
2 0.7947916666666667 0.5194444444444445 0.2864583333333333 0.38333333333333336
2 0.5044270833333333 0.2708333333333333 0.1546875 0.30462962962962964
1 0.9744791666666667 0.725462962962963 0.04895833333333333 0.25462962962962965
0 0.7026041666666667 0.2550925925925926 0.025 0.06944444444444445
0 0.7239583333333334 0.25972222222222224 0.03229166666666667 0.07314814814814814
0 0.7536458333333333 0.25925925925925924 0.030208333333333334 0.06296296296296296
0 0.7807291666666667 0.27175925925925926 0.025 0.0712962962962963
0 0.7973958333333333 0.2740740740740741 0.028125 0.06666666666666667
0 0.9268229166666667 0.35138888888888886 0.050520833333333334 0.10092592592592593
