1 0.9307 0.5903 0.1053 0.1312
4 0.83984375 0.6129629629629629 0.0296875 0.10925925925925926
4 0.8971354166666666 0.5990740740740741 0.027604166666666666 0.07592592592592592
4 0.5653645833333333 0.5763888888888888 0.0140625 0.05462962962962963
3 0.48072916666666665 0.5180555555555556 0.17916666666666667 0.1712962962962963
2 0.46770833333333334 0.6023148148148149 0.071875 0.13055555555555556
2 0.40598958333333335 0.6444444444444445 0.0765625 0.13703703703703704
2 0.23203125 0.6657407407407407 0.07760416666666667 0.15
2 0.20911458333333333 0.6351851851851852 0.11197916666666667 0.14814814814814814
2 0.10807291666666667 0.6726851851851852 0.15260416666666668 0.1638888888888889
