2 0.034895833333333334 0.30462962962962964 0.036458333333333336 0.06296296296296296
2 0.10364583333333334 0.29583333333333334 0.034375 0.06759259259259259
2 0.13515625 0.2912037037037037 0.04635416666666667 0.06388888888888888
2 0.16041666666666668 0.30972222222222223 0.029166666666666667 0.10462962962962963
2 0.20833333333333334 0.2740740740740741 0.052083333333333336 0.06296296296296296
2 0.25755208333333335 0.26435185185185184 0.05572916666666667 0.04722222222222222
2 0.23828125 0.2847222222222222 0.06510416666666667 0.05462962962962963
2 0.2838541666666667 0.3087962962962963 0.05520833333333333 0.11944444444444445
2 0.2234375 0.3560185185185185 0.10416666666666667 0.14351851851851852
2 0.36666666666666664 0.2662037037037037 0.034375 0.06574074074074074
2 0.3921875 0.26435185185185184 0.04895833333333333 0.06574074074074074
2 0.4125 0.2916666666666667 0.071875 0.08888888888888889
2 0.39505208333333336 0.3287037037037037 0.0921875 0.1111111111111111
