2 0.5499 0.2217 0.2197 0.1927
2 0.1132 0.3269 0.1853 0.2579
2 0.3917 0.3936 0.2807 0.3033
2 0.7654 0.4118 0.2473 0.2650
2 0.7908 0.2229 0.1593 0.1898
2 0.0220 0.3169 0.0454 0.2218
2 0.6070 0.0826 0.1142 0.1201
2 0.3146 0.2031 0.1651 0.2065
2 0.6993 0.1498 0.1456 0.1544
2 0.0829 0.1424 0.0733 0.1316
2 0.928125 0.3537037037037037 0.13854166666666667 0.24814814814814815
2 0.9763020833333333 0.21388888888888888 0.044270833333333336 0.11296296296296296
2 0.9778645833333334 0.29814814814814816 0.04114583333333333 0.1814814814814815
2 0.9052083333333333 0.1648148148148148 0.040625 0.07222222222222222
2 0.8872395833333333 0.21388888888888888 0.07447916666666667 0.15185185185185185
2 0.8197916666666667 0.0824074074074074 0.03333333333333333 0.06296296296296296
2 0.8333333333333334 0.11064814814814815 0.06145833333333333 0.10277777777777777
2 0.765625 0.08148148148148149 0.04791666666666667 0.11296296296296296
2 0.7401041666666667 0.1050925925925926 0.07916666666666666 0.10462962962962963
2 0.7059895833333333 0.049074074074074076 0.04739583333333333 0.08703703703703704
2 0.6770833333333334 0.06157407407407407 0.06458333333333334 0.09166666666666666
2 0.6380208333333334 0.11064814814814815 0.11979166666666667 0.09907407407407408
2 0.21354166666666666 0.0412037037037037 0.040625 0.0712962962962963
2 0.11875 0.06574074074074074 0.052083333333333336 0.07037037037037037
3 0.89765625 0.11944444444444445 0.06302083333333333 0.12037037037037036
3 0.840625 0.060648148148148145 0.058333333333333334 0.10648148148148148
3 0.46588541666666666 0.14444444444444443 0.1890625 0.24074074074074073
3 0.30572916666666666 0.06898148148148148 0.09583333333333334 0.11944444444444445
2 0.75859375 0.021296296296296296 0.034895833333333334 0.04259259259259259
