2 0.03229166666666667 0.30462962962962964 0.03854166666666667 0.053703703703703705
2 0.07265625 0.30185185185185187 0.0359375 0.06296296296296296
2 0.115625 0.29768518518518516 0.04375 0.06759259259259259
2 0.29270833333333335 0.2722222222222222 0.04479166666666667 0.06296296296296296
2 0.22317708333333333 0.2796296296296296 0.0234375 0.06111111111111111
2 0.25078125 0.26944444444444443 0.04739583333333333 0.05
2 0.23463541666666668 0.3055555555555556 0.0640625 0.09259259259259259
2 0.159375 0.30648148148148147 0.034375 0.09444444444444444
2 0.29713541666666665 0.3111111111111111 0.0328125 0.09259259259259259
2 0.2557291666666667 0.33194444444444443 0.08645833333333333 0.13425925925925927
