4 0.8640625 0.42604166666666665 0.040625 0.08958333333333333
4 0.49453125 0.36354166666666665 0.0421875 0.15208333333333332
4 0.41484375 0.25625 0.0328125 0.10416666666666667
2 0.709375 0.3614583333333333 0.140625 0.16041666666666668
2 0.3921875 0.446875 0.13125 0.23541666666666666
2 0.38671875 0.6489583333333333 0.1640625 0.2520833333333333
2 0.67890625 0.6427083333333333 0.2515625 0.3020833333333333
2 0.96640625 0.6635416666666667 0.0640625 0.18958333333333333
2 0.82578125 0.5302083333333333 0.2328125 0.29791666666666666
1 0.40859375 0.18333333333333332 0.0796875 0.10416666666666667
1 0.35703125 0.228125 0.0453125 0.12291666666666666
4 0.728125 0.47291666666666665 0.0375 0.15833333333333333
