2 0.1650 0.5135 0.1225 0.2060
2 0.2158 0.6574 0.2306 0.2524
2 0.5584 0.3930 0.1095 0.1076
2 0.3210 0.5823 0.1334 0.1950
2 0.019140625 0.42430555555555555 0.03828125 0.15138888888888888
2 0.8984375 0.33819444444444446 0.03125 0.0375
2 0.9546875 0.3458333333333333 0.0515625 0.044444444444444446
2 0.780859375 0.36041666666666666 0.06484375 0.05138888888888889
2 0.91953125 0.3958333333333333 0.065625 0.05277777777777778
2 0.95546875 0.4083333333333333 0.053125 0.05277777777777778
0 0.96171875 0.44305555555555554 0.0421875 0.07222222222222222
0 0.88828125 0.43472222222222223 0.0484375 0.075
0 0.841796875 0.42291666666666666 0.04140625 0.07361111111111111
4 0.31953125 0.4652777777777778 0.028125 0.07222222222222222
4 0.3546875 0.4791666666666667 0.034375 0.11666666666666667
