3 0.46901041666666665 0.225 0.15677083333333333 0.11851851851851852
3 0.221875 0.22824074074074074 0.08229166666666667 0.08425925925925926
3 0.14375 0.274537037037037 0.05625 0.08055555555555556
3 0.09583333333333334 0.6638888888888889 0.19166666666666668 0.6648148148148149
3 0.23645833333333333 0.6550925925925926 0.4708333333333333 0.6824074074074075
2 0.08776041666666666 0.287962962962963 0.05260416666666667 0.05740740740740741
2 0.15859375 0.31851851851851853 0.03177083333333333 0.1
2 0.06901041666666667 0.33935185185185185 0.0859375 0.08611111111111111
2 0.40260416666666665 0.2861111111111111 0.052083333333333336 0.08703703703703704
2 0.38776041666666666 0.3175925925925926 0.07552083333333333 0.09259259259259259
2 0.2734375 0.25462962962962965 0.04895833333333333 0.046296296296296294
2 0.29921875 0.2712962962962963 0.0328125 0.05
2 0.32109375 0.24722222222222223 0.025520833333333333 0.03518518518518519
2 0.221875 0.2851851851851852 0.03229166666666667 0.07222222222222222
2 0.24296875 0.29212962962962963 0.050520833333333334 0.0787037037037037
2 0.25338541666666664 0.3013888888888889 0.0296875 0.0787037037037037
2 0.2799479166666667 0.30648148148148147 0.0484375 0.08518518518518518
2 0.29270833333333335 0.28055555555555556 0.034375 0.053703703703703705
