2 0.1976 0.5437 0.1376 0.2234
2 0.2670 0.6991 0.2822 0.2669
2 0.3626 0.3820 0.1205 0.1090
2 0.0211 0.4350 0.0443 0.1668
2 0.975 0.39305555555555555 0.021875 0.06944444444444445
2 0.9078125 0.34652777777777777 0.0375 0.0375
2 0.903125 0.3861111111111111 0.0328125 0.05
1 0.91875 0.37916666666666665 0.046875 0.06666666666666667
0 0.953515625 0.44583333333333336 0.04140625 0.06944444444444445
0 0.919140625 0.4423611111111111 0.01796875 0.05138888888888889
0 0.891796875 0.4326388888888889 0.04921875 0.08472222222222223
0 0.836328125 0.4173611111111111 0.05390625 0.07916666666666666
4 0.084765625 0.4576388888888889 0.03203125 0.18194444444444444
4 0.28671875 0.36944444444444446 0.021875 0.08611111111111111
