1 0.446875 0.19166666666666668 0.090625 0.12083333333333333
1 0.2859375 0.24270833333333333 0.0375 0.12291666666666666
1 0.175 0.31875 0.115625 0.17083333333333334
1 0.08125 0.3770833333333333 0.11875 0.17083333333333334
4 0.59140625 0.4114583333333333 0.0484375 0.13125
4 0.64296875 0.29270833333333335 0.0265625 0.13541666666666666
2 0.85546875 0.7770833333333333 0.2828125 0.30416666666666664
2 0.6671875 0.48854166666666665 0.153125 0.26875
2 0.4328125 0.284375 0.13125 0.16041666666666668
2 0.3390625 0.38229166666666664 0.14375 0.19375
2 0.240625 0.5520833333333334 0.14375 0.2625
