2 0.7885416666666667 0.6208333333333333 0.14375 0.15462962962962962
2 0.47317708333333336 0.6032407407407407 0.0609375 0.14537037037037037
2 0.41067708333333336 0.6444444444444445 0.08385416666666666 0.13333333333333333
2 0.22942708333333334 0.6689814814814815 0.0828125 0.14351851851851852
2 0.2046875 0.6481481481481481 0.11354166666666667 0.12222222222222222
2 0.078125 0.6856481481481481 0.15520833333333334 0.15462962962962962
1 0.9518229166666666 0.6138888888888889 0.07864583333333333 0.16296296296296298
1 0.2786458333333333 0.5731481481481482 0.0875 0.1
4 0.5208333333333334 0.6537037037037037 0.034375 0.13518518518518519
4 0.55 0.6060185185185185 0.030208333333333334 0.11388888888888889
4 0.87109375 0.625 0.0296875 0.11481481481481481
3 0.47630208333333335 0.5185185185185185 0.17552083333333332 0.17222222222222222
