1 0.8892 0.8720 0.2195 0.2517
2 0.42135416666666664 0.6180555555555556 0.209375 0.3287037037037037
2 0.21302083333333333 0.36157407407407405 0.11145833333333334 0.17685185185185184
1 0.6963541666666667 0.5421296296296296 0.13645833333333332 0.2601851851851852
1 0.6317708333333333 0.45787037037037037 0.115625 0.20462962962962963
4 0.5807291666666666 0.4634259259259259 0.01875 0.20277777777777778
4 0.6145833333333334 0.5212962962962963 0.0375 0.20925925925925926
4 0.13723958333333333 0.4601851851851852 0.06197916666666667 0.1388888888888889
3 0.40598958333333335 0.2462962962962963 0.15989583333333332 0.16111111111111112
2 0.009375 0.4287037037037037 0.017708333333333333 0.17592592592592593
