2 0.461328125 0.2125 0.16328125 0.20277777777777778
2 0.362109375 0.04131944444444444 0.0484375 0.06736111111111111
2 0.3353515625 0.06597222222222222 0.065234375 0.09027777777777778
2 0.32265625 0.025347222222222222 0.0328125 0.03819444444444445
2 0.383984375 0.011805555555555555 0.0484375 0.02361111111111111
2 0.096875 0.12916666666666668 0.0578125 0.07222222222222222
2 0.98671875 0.0642361111111111 0.025 0.08402777777777778
2 0.9759765625 0.030208333333333334 0.046484375 0.052083333333333336
2 0.9583984375 0.06805555555555555 0.080078125 0.11805555555555555
2 0.908203125 0.03993055555555555 0.0703125 0.07708333333333334
2 0.840234375 0.027777777777777776 0.06953125 0.05277777777777778
2 0.8689453125 0.046875 0.103515625 0.08541666666666667
2 0.7791015625 0.027083333333333334 0.045703125 0.04861111111111111
2 0.7552734375 0.03333333333333333 0.097265625 0.06111111111111111
1 0.5169921875 0.03680555555555556 0.063671875 0.06805555555555555
