2 0.3692 0.8742 0.4590 0.2475
2 0.0292 0.4741 0.0600 0.2031
2 0.969921875 0.4236111111111111 0.03359375 0.08333333333333333
2 0.940625 0.34652777777777777 0.04375 0.043055555555555555
2 0.9078125 0.3486111111111111 0.0515625 0.05555555555555555
2 0.901953125 0.38819444444444445 0.03203125 0.06527777777777778
1 0.803125 0.3388888888888889 0.0421875 0.058333333333333334
1 0.2109375 0.37916666666666665 0.0671875 0.1111111111111111
0 0.82109375 0.4048611111111111 0.0359375 0.07083333333333333
0 0.908203125 0.4354166666666667 0.05390625 0.07916666666666666
