1 0.0810 0.3182 0.1109 0.2111
1 0.8707 0.3577 0.0835 0.1708
4 0.7075520833333333 0.3143518518518518 0.03177083333333333 0.10462962962962963
4 0.5815104166666667 0.29583333333333334 0.034895833333333334 0.08981481481481482
4 0.19010416666666666 0.2814814814814815 0.015625 0.14444444444444443
2 0.828125 0.4625 0.15520833333333334 0.2361111111111111
2 0.6864583333333333 0.49212962962962964 0.2625 0.3675925925925926
1 0.017708333333333333 0.37222222222222223 0.034375 0.23703703703703705
0 0.77265625 0.26944444444444443 0.028645833333333332 0.08518518518518518
0 0.7911458333333333 0.2773148148148148 0.030208333333333334 0.07314814814814814
3 0.553125 0.19583333333333333 0.140625 0.21574074074074073
