1 0.9291 0.5892 0.1034 0.1380
2 0.21901041666666668 0.6430555555555556 0.09947916666666666 0.13055555555555556
2 0.030989583333333334 0.6310185185185185 0.06197916666666667 0.09351851851851851
2 0.03567708333333333 0.675 0.0703125 0.12037037037037036
2 0.3072916666666667 0.6069444444444444 0.04479166666666667 0.10277777777777777
2 0.4109375 0.6412037037037037 0.071875 0.16018518518518518
2 0.47369791666666666 0.6138888888888889 0.06510416666666667 0.11666666666666667
2 0.6473958333333333 0.600925925925926 0.07708333333333334 0.12407407407407407
2 0.7609375 0.6421296296296296 0.08854166666666667 0.15092592592592594
2 0.7776041666666667 0.6185185185185185 0.125 0.13703703703703704
4 0.8911458333333333 0.5856481481481481 0.021875 0.10648148148148148
4 0.9059895833333333 0.6069444444444444 0.0234375 0.11944444444444445
4 0.5658854166666667 0.5842592592592593 0.018229166666666668 0.07037037037037037
4 0.5484375 0.6106481481481482 0.027083333333333334 0.13425925925925927
4 0.38385416666666666 0.6708333333333333 0.020833333333333332 0.15092592592592594
3 0.4739583333333333 0.5203703703703704 0.17604166666666668 0.16296296296296298
