4 0.4674479166666667 0.5222222222222223 0.0453125 0.14629629629629629
4 0.6302083333333334 0.5287037037037037 0.04375 0.2074074074074074
4 0.018229166666666668 0.3958333333333333 0.025 0.15833333333333333
2 0.16197916666666667 0.2935185185185185 0.07708333333333334 0.12037037037037036
2 0.02578125 0.2574074074074074 0.0515625 0.08703703703703704
2 0.023958333333333335 0.35462962962962963 0.04791666666666667 0.17962962962962964
2 0.25807291666666665 0.33425925925925926 0.12239583333333333 0.14814814814814814
2 0.3421875 0.4300925925925926 0.10729166666666666 0.20462962962962963
2 0.38385416666666666 0.5671296296296297 0.140625 0.36203703703703705
1 0.58359375 0.40694444444444444 0.08697916666666666 0.1935185185185185
1 0.71328125 0.5532407407407407 0.14427083333333332 0.28055555555555556
1 0.94921875 0.8282407407407407 0.09947916666666666 0.3398148148148148
1 0.4036458333333333 0.9611111111111111 0.21979166666666666 0.07407407407407407
