1 0.043229166666666666 0.23703703703703705 0.08645833333333333 0.15925925925925927
3 0.8893229166666666 0.40555555555555556 0.21927083333333333 0.4185185185185185
2 0.13541666666666666 0.17685185185185184 0.08645833333333333 0.12222222222222222
2 0.027083333333333334 0.3226851851851852 0.05416666666666667 0.21388888888888888
2 0.11458333333333333 0.3439814814814815 0.21458333333333332 0.30648148148148147
2 0.42291666666666666 0.20787037037037037 0.12395833333333334 0.19166666666666668
2 0.86875 0.12361111111111112 0.04895833333333333 0.09722222222222222
2 0.8947916666666667 0.1736111111111111 0.06458333333333334 0.11944444444444445
2 0.72890625 0.2537037037037037 0.21927083333333333 0.2222222222222222
2 0.4825520833333333 0.40185185185185185 0.3307291666666667 0.3574074074074074
