2 0.7286 0.2440 0.1739 0.1902
2 0.6041 0.1595 0.1633 0.1670
2 0.0800 0.3446 0.1715 0.2355
2 0.5270 0.0932 0.0988 0.1445
2 0.3925 0.1574 0.1723 0.1517
2 0.1087 0.1975 0.1135 0.1628
2 0.0705 0.1396 0.0898 0.1092
2 0.7259 0.0472 0.0569 0.0778
2 0.834375 0.047685185185185185 0.03854166666666667 0.0712962962962963
2 0.8104166666666667 0.07546296296296297 0.0375 0.09351851851851851
2 0.7869791666666667 0.09027777777777778 0.05416666666666667 0.10462962962962963
2 0.7486979166666666 0.09351851851851851 0.06927083333333334 0.07592592592592592
2 0.7419270833333333 0.1476851851851852 0.11510416666666666 0.10648148148148148
2 0.6466145833333333 0.0699074074074074 0.09322916666666667 0.05648148148148148
2 0.6859375 0.11805555555555555 0.09791666666666667 0.13425925925925927
2 0.2833333333333333 0.18055555555555555 0.10416666666666667 0.11481481481481481
2 0.4005208333333333 0.0699074074074074 0.0375 0.0824074074074074
2 0.64140625 0.47685185185185186 0.3359375 0.35
1 0.2526041666666667 0.032407407407407406 0.051041666666666666 0.06296296296296296
1 0.3 0.041666666666666664 0.05625 0.08333333333333333
1 0.4036458333333333 0.04814814814814815 0.06770833333333333 0.0962962962962963
