3 0.4972 0.5658 1.1371 1.2943
1 0.8518 0.2106 0.1402 0.2363
1 0.8889 0.1289 0.1040 0.1650
1 0.9896484375 0.16458333333333333 0.019140625 0.13333333333333333
3 0.14140625 0.08333333333333333 0.1453125 0.16111111111111112
2 0.2650390625 0.05381944444444445 0.064453125 0.08541666666666667
2 0.2798828125 0.07291666666666667 0.033984375 0.07916666666666666
2 0.95703125 0.04861111111111111 0.059375 0.09166666666666666
2 0.960546875 0.07291666666666667 0.04921875 0.08194444444444444
2 0.8931640625 0.04201388888888889 0.090234375 0.07569444444444444
2 0.86640625 0.03125 0.071875 0.0625
3 0.9783203125 0.06180555555555556 0.040234375 0.12083333333333333
