2 0.0193 0.3304 0.0397 0.1985
4 0.23932291666666666 0.3837962962962963 0.033854166666666664 0.1787037037037037
4 0.47265625 0.524074074074074 0.0484375 0.23333333333333334
3 0.3997395833333333 0.23796296296296296 0.1765625 0.17407407407407408
3 0.68125 0.33425925925925926 0.228125 0.2574074074074074
2 0.13515625 0.3074074074074074 0.028645833333333332 0.11296296296296296
2 0.19869791666666667 0.35324074074074074 0.13697916666666668 0.15648148148148147
2 0.29140625 0.32222222222222224 0.12447916666666667 0.13703703703703704
2 0.34036458333333336 0.4027777777777778 0.1046875 0.18518518518518517
2 0.35 0.562962962962963 0.16354166666666667 0.2962962962962963
