3 0.41744791666666664 0.28935185185185186 0.1328125 0.24537037037037038
3 0.22734375 0.24814814814814815 0.08697916666666666 0.1111111111111111
2 0.2830729166666667 0.31342592592592594 0.0609375 0.11574074074074074
2 0.24921875 0.27314814814814814 0.050520833333333334 0.05740740740740741
2 0.221875 0.2791666666666667 0.036458333333333336 0.05648148148148148
2 0.23072916666666668 0.35 0.10104166666666667 0.15925925925925927
2 0.15703125 0.30833333333333335 0.03697916666666667 0.1111111111111111
2 0.1078125 0.2935185185185185 0.05520833333333333 0.07222222222222222
2 0.11276041666666667 0.32546296296296295 0.0515625 0.09537037037037037
2 0.06979166666666667 0.34814814814814815 0.07708333333333334 0.10740740740740741
