2 0.4162 0.6528 0.2956 0.2715
2 0.5430 0.5084 0.2431 0.2219
2 0.4694 0.5641 0.1971 0.1918
2 0.029427083333333333 0.4976851851851852 0.0578125 0.14351851851851852
2 0.05911458333333333 0.5351851851851852 0.1140625 0.15925925925925927
1 0.95390625 0.5398148148148149 0.08697916666666666 0.2851851851851852
1 0.92421875 0.4861111111111111 0.10260416666666666 0.23148148148148148
1 0.93046875 0.3490740740740741 0.09322916666666667 0.11296296296296296
1 0.98359375 0.35509259259259257 0.0296875 0.10648148148148148
4 0.5934895833333333 0.6027777777777777 0.0421875 0.26851851851851855
