2 0.0738 0.4770 0.1162 0.1969
0 0.5049 0.3601 0.0857 0.1296
2 0.9106770833333333 0.2064814814814815 0.11927083333333334 0.13703703703703704
2 0.1234375 0.25092592592592594 0.04895833333333333 0.07407407407407407
2 0.05911458333333333 0.26342592592592595 0.0953125 0.1287037037037037
0 0.659375 0.36018518518518516 0.07916666666666666 0.14444444444444443
0 0.6947916666666667 0.32731481481481484 0.040625 0.11388888888888889
0 0.7565104166666666 0.30648148148148147 0.03802083333333333 0.1111111111111111
3 0.2557291666666667 0.1712962962962963 0.12916666666666668 0.10185185185185185
4 0.50234375 0.3398148148148148 0.043229166666666666 0.15925925925925927
0 0.03802083333333333 0.9189814814814815 0.07395833333333333 0.15092592592592594
1 0.046875 0.350462962962963 0.08125 0.10648148148148148
