2 0.4256 0.3518 0.1344 0.1780
2 0.5346 0.3908 0.1562 0.2261
1 0.1250 0.4888 0.1192 0.2024
3 0.2046875 0.22037037037037038 0.19270833333333334 0.17037037037037037
3 0.30104166666666665 0.16157407407407406 0.03958333333333333 0.0824074074074074
2 0.146875 0.31342592592592594 0.09895833333333333 0.10648148148148148
2 0.7171875 0.45787037037037037 0.2708333333333333 0.3527777777777778
1 0.0453125 0.6300925925925925 0.090625 0.30462962962962964
0 0.03567708333333333 0.8625 0.07135416666666666 0.1638888888888889
0 0.025520833333333333 0.9351851851851852 0.046875 0.12222222222222222
0 0.7416666666666667 0.30324074074074076 0.06145833333333333 0.09166666666666666
0 0.77421875 0.28935185185185186 0.04010416666666667 0.09907407407407408
0 0.4947916666666667 0.15092592592592594 0.046875 0.07407407407407407
