2 0.9686 0.4008 0.0661 0.1830
1 0.0350 0.3587 0.0688 0.2331
1 0.1347 0.2836 0.1055 0.2216
3 0.050520833333333334 0.12685185185185185 0.09166666666666666 0.19074074074074074
2 0.45 0.4060185185185185 0.140625 0.30462962962962964
2 0.7489583333333333 0.48148148148148145 0.24479166666666666 0.34629629629629627
2 0.7580729166666667 0.3101851851851852 0.1265625 0.18703703703703703
0 0.8307291666666666 0.28194444444444444 0.028125 0.0824074074074074
4 0.54375 0.3537037037037037 0.036458333333333336 0.1925925925925926
4 0.14088541666666668 0.31527777777777777 0.034895833333333334 0.18425925925925926
