2 0.9341145833333333 0.43842592592592594 0.1296875 0.2175925925925926
2 0.8057291666666667 0.40555555555555556 0.18229166666666666 0.23148148148148148
2 0.7622395833333333 0.4513888888888889 0.2682291666666667 0.262037037037037
2 0.8393229166666667 0.7328703703703704 0.3182291666666667 0.5268518518518519
2 0.49921875 0.3861111111111111 0.1578125 0.3314814814814815
1 0.43723958333333335 0.19212962962962962 0.10260416666666666 0.1175925925925926
1 0.42734375 0.2902777777777778 0.10989583333333333 0.1824074074074074
1 0.3125 0.3416666666666667 0.14583333333333334 0.23703703703703705
1 0.013802083333333333 0.3578703703703704 0.027604166666666666 0.2175925925925926
1 0.084375 0.2310185185185185 0.109375 0.09166666666666666
1 0.08463541666666667 0.32592592592592595 0.12239583333333333 0.22037037037037038
0 0.703125 0.2569444444444444 0.030208333333333334 0.058333333333333334
0 0.7294270833333333 0.25972222222222224 0.030729166666666665 0.06944444444444445
0 0.7515625 0.2657407407407407 0.03333333333333333 0.07592592592592592
0 0.7752604166666667 0.26990740740740743 0.033854166666666664 0.08981481481481482
4 0.1765625 0.27870370370370373 0.029166666666666667 0.13703703703703704
4 0.278125 0.23333333333333334 0.025 0.03888888888888889
4 0.5752604166666667 0.3087962962962963 0.03802083333333333 0.11018518518518519
