2 0.07369791666666667 0.30787037037037035 0.027604166666666666 0.05277777777777778
2 0.0984375 0.33194444444444443 0.07291666666666667 0.09166666666666666
2 0.16328125 0.30787037037037035 0.027604166666666666 0.09166666666666666
2 0.19505208333333332 0.2773148148148148 0.0109375 0.049074074074074076
2 0.2921875 0.2763888888888889 0.04375 0.0712962962962963
2 0.2989583333333333 0.2953703703703704 0.03229166666666667 0.09814814814814815
2 0.2484375 0.2875 0.05416666666666667 0.09351851851851851
2 0.378125 0.26805555555555555 0.036458333333333336 0.08055555555555556
2 0.3963541666666667 0.27175925925925926 0.04583333333333333 0.058333333333333334
2 0.4114583333333333 0.30324074074074076 0.053125 0.09537037037037037
2 0.39010416666666664 0.3333333333333333 0.07395833333333333 0.1111111111111111
3 0.37395833333333334 0.2652777777777778 0.058333333333333334 0.09722222222222222
3 0.2625 0.26851851851851855 0.065625 0.08703703703703704
3 0.11302083333333333 0.2884259259259259 0.052083333333333336 0.06574074074074074
3 0.037760416666666664 0.36018518518518516 0.07447916666666667 0.15185185185185185
