1 0.9338541666666667 0.5856481481481481 0.1 0.13240740740740742
4 0.8380208333333333 0.612037037037037 0.030208333333333334 0.13333333333333333
4 0.9356770833333333 0.6092592592592593 0.028645833333333332 0.12407407407407407
3 0.47994791666666664 0.512962962962963 0.1734375 0.13518518518518519
2 0.18020833333333333 0.6416666666666667 0.10104166666666667 0.1111111111111111
2 0.22578125 0.6708333333333333 0.07864583333333333 0.13240740740740742
2 0.011979166666666667 0.6689814814814815 0.022916666666666665 0.1175925925925926
2 0.0921875 0.6712962962962963 0.15416666666666667 0.1574074074074074
2 0.40260416666666665 0.6467592592592593 0.06666666666666667 0.15833333333333333
2 0.47109375 0.5888888888888889 0.0765625 0.1
2 0.6458333333333334 0.5907407407407408 0.0625 0.13518518518518519
2 0.7682291666666666 0.611574074074074 0.11145833333333334 0.15462962962962962
