3 0.878125 0.06018518518518518 0.08645833333333333 0.12037037037037036
3 0.11197916666666667 0.27824074074074073 0.22395833333333334 0.4824074074074074
2 0.47161458333333334 0.20833333333333334 0.20572916666666666 0.19444444444444445
2 0.48411458333333335 0.4111111111111111 0.3015625 0.337037037037037
2 0.24869791666666666 0.19027777777777777 0.06510416666666667 0.1527777777777778
2 0.69921875 0.24675925925925926 0.2109375 0.19537037037037036
2 0.88515625 0.11666666666666667 0.0609375 0.07407407407407407
2 0.9 0.19027777777777777 0.05 0.1398148148148148
2 0.8565104166666667 0.2074074074074074 0.1046875 0.15185185185185185
2 0.9828125 0.25324074074074077 0.03229166666666667 0.11388888888888889
2 0.9611979166666667 0.36527777777777776 0.07552083333333333 0.21944444444444444
2 0.8174479166666667 0.4101851851851852 0.2484375 0.32222222222222224
