2 0.5576 0.4185 0.1770 0.2066
2 0.3159 0.3740 0.1679 0.1510
2 0.4631 0.3560 0.1220 0.1635
2 0.0455 0.4485 0.0904 0.1318
2 0.1653 0.3961 0.0827 0.1633
3 0.24166666666666667 0.2023148148148148 0.20625 0.18055555555555555
1 0.046614583333333334 0.6282407407407408 0.0921875 0.32685185185185184
0 0.02578125 0.9337962962962963 0.050520833333333334 0.1287037037037037
0 0.4315104166666667 0.2708333333333333 0.0671875 0.09537037037037037
0 0.7390625 0.3143518518518518 0.06666666666666667 0.12685185185185185
0 0.77421875 0.29212962962962963 0.050520833333333334 0.10462962962962963
