2 0.28932291666666665 0.30694444444444446 0.0484375 0.10277777777777777
2 0.215625 0.2708333333333333 0.05625 0.05648148148148148
2 0.20026041666666666 0.3296296296296296 0.09635416666666667 0.13518518518518519
2 0.25 0.28703703703703703 0.04479166666666667 0.06296296296296296
2 0.2234375 0.35462962962962963 0.11458333333333333 0.1537037037037037
2 0.10755208333333334 0.29583333333333334 0.0421875 0.0712962962962963
2 0.16015625 0.27870370370370373 0.028645833333333332 0.05925925925925926
3 0.2713541666666667 0.2611111111111111 0.07708333333333334 0.10185185185185185
3 0.40625 0.2949074074074074 0.1 0.23055555555555557
3 0.4942708333333333 0.22962962962962963 0.09583333333333334 0.1259259259259259
0 0.44244791666666666 0.9 0.1453125 0.1962962962962963
