2 0.703125 0.4263888888888889 0.296875 0.35462962962962963
2 0.29609375 0.37083333333333335 0.3078125 0.3435185185185185
2 0.13619791666666667 0.19814814814814816 0.08489583333333334 0.16296296296296298
2 0.07838541666666667 0.3199074074074074 0.1546875 0.2675925925925926
2 0.04375 0.16666666666666666 0.065625 0.12222222222222222
2 0.40130208333333334 0.06712962962962964 0.06822916666666666 0.125
2 0.5828125 0.1050925925925926 0.17083333333333334 0.14351851851851852
2 0.6497395833333334 0.18287037037037038 0.03177083333333333 0.1287037037037037
2 0.81015625 0.13240740740740742 0.06927083333333334 0.08148148148148149
2 0.78046875 0.23287037037037037 0.17135416666666667 0.18981481481481483
2 0.7348958333333333 0.16111111111111112 0.12083333333333333 0.13333333333333333
2 0.7627604166666667 0.10416666666666667 0.0578125 0.08981481481481482
2 0.7010416666666667 0.10740740740740741 0.10208333333333333 0.12962962962962962
2 0.6979166666666666 0.04398148148148148 0.05520833333333333 0.06574074074074074
2 0.65859375 0.05648148148148148 0.0359375 0.07592592592592592
2 0.6229166666666667 0.07037037037037037 0.09791666666666667 0.0962962962962963
2 0.665625 0.018055555555555554 0.0375 0.03425925925925926
3 0.51953125 0.19212962962962962 0.2755208333333333 0.27870370370370373
