2 0.40260416666666665 0.2675925925925926 0.04895833333333333 0.07222222222222222
2 0.409375 0.3023148148148148 0.06145833333333333 0.09351851851851851
2 0.38958333333333334 0.3314814814814815 0.084375 0.10925925925925926
2 0.058854166666666666 0.30787037037037035 0.052083333333333336 0.075
2 0.11484375 0.29768518518518516 0.04010416666666667 0.06759259259259259
2 0.15833333333333333 0.31203703703703706 0.023958333333333335 0.1
2 0.19088541666666667 0.2833333333333333 0.016145833333333335 0.07407407407407407
2 0.23125 0.28194444444444444 0.042708333333333334 0.06944444444444445
2 0.24947916666666667 0.25972222222222224 0.04895833333333333 0.030555555555555555
2 0.28125 0.2611111111111111 0.036458333333333336 0.046296296296296294
2 0.2828125 0.30925925925925923 0.05 0.13703703703703704
2 0.25807291666666665 0.2824074074074074 0.0390625 0.05925925925925926
2 0.23645833333333333 0.3527777777777778 0.09270833333333334 0.13333333333333333
