3 0.4700520833333333 0.2273148148148148 0.1609375 0.12129629629629629
3 0.29140625 0.2935185185185185 0.07552083333333333 0.15555555555555556
2 0.39453125 0.2740740740740741 0.04010416666666667 0.053703703703703705
2 0.40703125 0.2916666666666667 0.049479166666666664 0.07222222222222222
2 0.39869791666666665 0.3263888888888889 0.06614583333333333 0.10277777777777777
2 0.3263020833333333 0.24583333333333332 0.0171875 0.03611111111111111
2 0.221875 0.2740740740740741 0.03333333333333333 0.053703703703703705
2 0.25234375 0.25 0.0296875 0.03333333333333333
2 0.24765625 0.2791666666666667 0.04114583333333333 0.06574074074074074
2 0.22369791666666666 0.32175925925925924 0.07239583333333334 0.07685185185185185
2 0.2265625 0.3587962962962963 0.10625 0.15833333333333333
0 0.44427083333333334 0.9013888888888889 0.14166666666666666 0.18981481481481483
