2 0.7079 0.4582 0.2451 0.3337
2 0.4381 0.3817 0.1481 0.1654
2 0.0517 0.5485 0.1023 0.2225
0 0.024739583333333332 0.9337962962962963 0.0484375 0.1287037037037037
0 0.12161458333333333 0.3199074074074074 0.09010416666666667 0.13240740740740742
0 0.4328125 0.21666666666666667 0.05625 0.10925925925925926
0 0.77890625 0.2861111111111111 0.050520833333333334 0.1
0 0.74375 0.29814814814814816 0.05 0.09444444444444444
3 0.21354166666666666 0.18472222222222223 0.04895833333333333 0.10277777777777777
3 0.3333333333333333 0.1675925925925926 0.21145833333333333 0.17222222222222222
