1 0.39453125 0.037037037037037035 0.04739583333333333 0.07407407407407407
1 0.575 0.03657407407407407 0.04895833333333333 0.0712962962962963
3 0.01953125 0.10833333333333334 0.03697916666666667 0.15925925925925927
3 0.3971354166666667 0.3287037037037037 0.7109375 0.5814814814814815
2 0.047135416666666666 0.34814814814814815 0.09427083333333333 0.25555555555555554
2 0.7630208333333334 0.09444444444444444 0.06145833333333333 0.09074074074074075
2 0.7361979166666667 0.13703703703703704 0.1109375 0.08518518518518518
2 0.7049479166666667 0.23055555555555557 0.1859375 0.21481481481481482
2 0.6981770833333333 0.10462962962962963 0.09739583333333333 0.12407407407407407
2 0.5307291666666667 0.0912037037037037 0.09166666666666666 0.10277777777777777
2 0.5796875 0.08009259259259259 0.15 0.09907407407407408
2 0.5744791666666667 0.14027777777777778 0.165625 0.16574074074074074
2 0.45989583333333334 0.1527777777777778 0.19270833333333334 0.11296296296296296
