1 0.2984375 0.3472222222222222 0.065625 0.05185185185185185
1 0.30182291666666666 0.41574074074074074 0.0703125 0.1425925925925926
1 0.25859375 0.4550925925925926 0.0765625 0.1638888888888889
1 0.19427083333333334 0.5333333333333333 0.109375 0.21666666666666667
1 0.10546875 0.6703703703703704 0.1171875 0.3111111111111111
1 0.21328125 0.8361111111111111 0.22864583333333333 0.31666666666666665
4 0.43020833333333336 0.4046296296296296 0.029166666666666667 0.07222222222222222
4 0.7471354166666667 0.5333333333333333 0.024479166666666666 0.12037037037037036
2 0.81875 0.3712962962962963 0.115625 0.10925925925925926
2 0.5942708333333333 0.4935185185185185 0.09791666666666667 0.17222222222222222
2 0.65078125 0.6185185185185185 0.1828125 0.29444444444444445
2 0.9010416666666666 0.624537037037037 0.19583333333333333 0.2935185185185185
2 0.5291666666666667 0.7185185185185186 0.284375 0.3296296296296296
2 0.465625 0.44305555555555554 0.07708333333333334 0.13425925925925927
2 0.45286458333333335 0.5324074074074074 0.0984375 0.18333333333333332
3 0.08854166666666667 0.9277777777777778 0.17604166666666668 0.13333333333333333
