2 0.9088541666666666 0.8240740740740741 0.18020833333333333 0.32222222222222224
2 0.30078125 0.6550925925925926 0.043229166666666666 0.14537037037037037
2 0.4010416666666667 0.6416666666666667 0.0625 0.12407407407407407
2 0.4861979166666667 0.6 0.03697916666666667 0.12222222222222222
1 0.4591145833333333 0.5615740740740741 0.06197916666666667 0.11018518518518519
1 0.6526041666666667 0.5615740740740741 0.07083333333333333 0.11018518518518519
1 0.71640625 0.5597222222222222 0.0578125 0.10648148148148148
1 0.8072916666666666 0.5745370370370371 0.07083333333333333 0.1287037037037037
1 0.9192708333333334 0.5842592592592593 0.084375 0.1388888888888889
4 0.8921875 0.5768518518518518 0.025 0.08888888888888889
4 0.5502604166666667 0.6064814814814815 0.0296875 0.10925925925925926
