1 0.3377604166666667 0.2884259259259259 0.0921875 0.13055555555555556
1 0.4322916666666667 0.31666666666666665 0.09375 0.13148148148148148
1 0.46171875 0.3384259259259259 0.030729166666666665 0.1398148148148148
1 0.5645833333333333 0.3819444444444444 0.09895833333333333 0.15648148148148147
1 0.6356770833333333 0.43842592592592594 0.10885416666666667 0.19537037037037036
1 0.69765625 0.5333333333333333 0.14635416666666667 0.2777777777777778
4 0.4875 0.5277777777777778 0.06979166666666667 0.2351851851851852
4 0.6138020833333333 0.5310185185185186 0.0390625 0.1935185185185185
4 0.18307291666666667 0.40925925925925927 0.03802083333333333 0.19444444444444445
3 0.40520833333333334 0.23703703703703705 0.1625 0.1537037037037037
2 0.7880208333333333 0.862037037037037 0.346875 0.2722222222222222
2 0.3736979166666667 0.4787037037037037 0.1484375 0.25555555555555554
2 0.20755208333333333 0.35462962962962963 0.1046875 0.16666666666666666
2 0.1453125 0.3101851851851852 0.058333333333333334 0.14444444444444443
2 0.029166666666666667 0.2740740740740741 0.057291666666666664 0.12407407407407407
2 0.009895833333333333 0.37824074074074077 0.017708333333333333 0.18981481481481483
