1 0.9650 0.1107 0.0683 0.1336
1 0.9933 0.1458 0.0143 0.1596
3 0.373828125 0.5895833333333333 0.48828125 0.5652777777777778
2 0.3205078125 0.1795138888888889 0.101953125 0.13680555555555557
2 0.045703125 0.19027777777777777 0.0796875 0.09166666666666666
2 0.6287109375 0.023958333333333335 0.076171875 0.04513888888888889
2 0.7791015625 0.03125 0.091015625 0.059722222222222225
2 0.9837890625 0.052083333333333336 0.030859375 0.07222222222222222
2 0.955859375 0.06111111111111111 0.0734375 0.08055555555555556
2 0.9236328125 0.03923611111111111 0.069140625 0.07569444444444444
2 0.8802734375 0.04097222222222222 0.091015625 0.08194444444444444
