2 0.8469 0.2362 0.1128 0.1965
2 0.5895 0.1574 0.1626 0.1789
2 0.4385 0.0990 0.1033 0.1243
2 0.2945 0.2082 0.1435 0.1848
2 0.13645833333333332 0.2037037037037037 0.09270833333333334 0.17407407407407408
2 0.034895833333333334 0.32407407407407407 0.06770833333333333 0.23703703703703705
2 0.8091145833333333 0.026851851851851852 0.0296875 0.04259259259259259
2 0.7911458333333333 0.075 0.034375 0.08333333333333333
2 0.77890625 0.08564814814814815 0.050520833333333334 0.0787037037037037
2 0.7184895833333333 0.1050925925925926 0.0828125 0.12129629629629629
2 0.7494791666666667 0.15185185185185185 0.12395833333333334 0.16296296296296298
2 0.5221354166666666 0.08657407407407407 0.06510416666666667 0.13240740740740742
2 0.6138020833333333 0.03148148148148148 0.0546875 0.06111111111111111
2 0.6140625 0.060648148148148145 0.090625 0.0712962962962963
2 0.6807291666666667 0.06388888888888888 0.06875 0.08703703703703704
2 0.14114583333333333 0.3921296296296296 0.240625 0.2898148148148148
1 0.3984375 0.046296296296296294 0.052083333333333336 0.09259259259259259
1 0.49140625 0.031018518518518518 0.05364583333333333 0.06018518518518518
