3 0.9020833333333333 0.16712962962962963 0.06875 0.18055555555555555
2 0.140625 0.13240740740740742 0.029166666666666667 0.046296296296296294
2 0.13567708333333334 0.20277777777777778 0.0859375 0.16111111111111112
2 0.07109375 0.33564814814814814 0.1421875 0.25277777777777777
2 0.24609375 0.37083333333333335 0.27447916666666666 0.32314814814814813
2 0.43020833333333336 0.21712962962962962 0.115625 0.2064814814814815
2 0.61171875 0.39166666666666666 0.3234375 0.3333333333333333
2 0.8783854166666667 0.37916666666666665 0.20572916666666666 0.27870370370370373
2 0.86484375 0.21666666666666667 0.0921875 0.14814814814814814
2 0.75 0.225 0.17083333333333334 0.18333333333333332
2 0.8302083333333333 0.12777777777777777 0.06666666666666667 0.11481481481481481
2 0.728125 0.16064814814814815 0.12708333333333333 0.125
2 0.5796875 0.1685185185185185 0.18020833333333333 0.17777777777777778
2 0.67421875 0.125 0.09427083333333333 0.1259259259259259
2 0.7479166666666667 0.09953703703703703 0.09791666666666667 0.09351851851851851
2 0.7890625 0.0912037037037037 0.05520833333333333 0.10648148148148148
2 0.81796875 0.06712962962962964 0.03802083333333333 0.06759259259259259
2 0.77109375 0.025925925925925925 0.030729166666666665 0.05
2 0.7658854166666667 0.03657407407407407 0.03697916666666667 0.05092592592592592
2 0.7546875 0.04351851851851852 0.04479166666666667 0.06296296296296296
2 0.7169270833333333 0.07361111111111111 0.0578125 0.09351851851851851
2 0.6140625 0.06018518518518518 0.125 0.08888888888888889
2 0.51484375 0.08842592592592592 0.06822916666666666 0.11574074074074074
2 0.49505208333333334 0.11064814814814815 0.0609375 0.14166666666666666
2 0.31536458333333334 0.06898148148148148 0.07447916666666667 0.1287037037037037
