2 0.4298 0.6097 0.2037 0.3603
2 0.0197 0.3360 0.0414 0.2148
3 0.4010416666666667 0.23935185185185184 0.175 0.1675925925925926
2 0.18854166666666666 0.35833333333333334 0.13020833333333334 0.16111111111111112
1 0.5895833333333333 0.3972222222222222 0.078125 0.16111111111111112
1 0.6510416666666666 0.44907407407407407 0.1125 0.1962962962962963
1 0.7015625 0.5337962962962963 0.128125 0.2657407407407407
4 0.6268229166666667 0.5430555555555555 0.04635416666666667 0.19722222222222222
4 0.47265625 0.48333333333333334 0.059895833333333336 0.13703703703703704
4 0.14973958333333334 0.3875 0.04635416666666667 0.18055555555555555
