2 0.890625 0.20185185185185187 0.06145833333333333 0.15925925925925927
2 0.83203125 0.22824074074074074 0.1203125 0.2064814814814815
2 0.7651041666666667 0.025925925925925925 0.036458333333333336 0.05
2 0.79765625 0.032407407407407406 0.04010416666666667 0.05925925925925926
2 0.8518229166666667 0.0912037037037037 0.03802083333333333 0.08981481481481482
2 0.8263020833333333 0.0962962962962963 0.04635416666666667 0.0962962962962963
2 0.7942708333333334 0.11157407407407408 0.059375 0.13055555555555556
2 0.73828125 0.1476851851851852 0.13697916666666668 0.1638888888888889
2 0.7291666666666666 0.0712962962962963 0.058333333333333334 0.07222222222222222
2 0.6184895833333334 0.07685185185185185 0.1015625 0.1
2 0.6731770833333334 0.1050925925925926 0.11197916666666667 0.1527777777777778
2 0.5328125 0.09675925925925925 0.096875 0.1398148148148148
2 0.5755208333333334 0.16296296296296298 0.18125 0.17592592592592593
2 0.13723958333333333 0.20092592592592592 0.0890625 0.17962962962962964
2 0.06536458333333334 0.3523148148148148 0.1296875 0.21944444444444444
1 0.39036458333333335 0.021296296296296296 0.0453125 0.04259259259259259
2 0.25807291666666665 0.034722222222222224 0.06822916666666666 0.06759259259259259
3 0.38958333333333334 0.17916666666666667 0.284375 0.3398148148148148
3 0.04401041666666667 0.21574074074074073 0.08697916666666666 0.2833333333333333
3 0.29921875 0.06666666666666667 0.0828125 0.13333333333333333
