3 0.2799479166666667 0.04722222222222222 0.10989583333333333 0.09444444444444444
3 0.04114583333333333 0.12731481481481483 0.08125 0.14351851851851852
2 0.140625 0.19675925925925927 0.08958333333333333 0.20092592592592592
2 0.07942708333333333 0.3194444444444444 0.15885416666666666 0.26851851851851855
2 0.28958333333333336 0.20555555555555555 0.11979166666666667 0.21296296296296297
2 0.5447916666666667 0.23796296296296296 0.225 0.20925925925925926
2 0.7361979166666667 0.11666666666666667 0.09322916666666667 0.1111111111111111
2 0.6169270833333333 0.0875 0.10677083333333333 0.09537037037037037
2 0.64375 0.11435185185185186 0.13541666666666666 0.14351851851851852
2 0.5065104166666666 0.1050925925925926 0.04114583333333333 0.1361111111111111
2 0.3997395833333333 0.07175925925925926 0.0609375 0.11574074074074074
