2 0.2727 0.1463 0.0984 0.1194
2 0.318359375 0.030208333333333334 0.02421875 0.04791666666666667
2 0.6935546875 0.025694444444444443 0.030078125 0.05138888888888889
2 0.7380859375 0.03194444444444444 0.087890625 0.06388888888888888
2 0.789453125 0.02638888888888889 0.06171875 0.05
2 0.84765625 0.04618055555555556 0.10625 0.08402777777777778
2 0.87734375 0.041666666666666664 0.08828125 0.08055555555555556
2 0.9404296875 0.02847222222222222 0.058984375 0.041666666666666664
2 0.9712890625 0.06909722222222223 0.054296875 0.09652777777777778
2 0.9470703125 0.06944444444444445 0.084765625 0.09166666666666666
2 0.89609375 0.6590277777777778 0.20625 0.6069444444444444
1 0.1322265625 0.15659722222222222 0.062109375 0.1076388888888889
3 0.3806640625 0.019791666666666666 0.071484375 0.03958333333333333
