3 0.8838541666666667 0.38425925925925924 0.21666666666666667 0.36666666666666664
3 0.22994791666666667 0.375 0.3078125 0.3962962962962963
3 0.44765625 0.12129629629629629 0.17447916666666666 0.18518518518518517
2 0.25729166666666664 0.15324074074074073 0.07916666666666666 0.10462962962962963
2 0.046875 0.21898148148148147 0.06458333333333334 0.1175925925925926
2 0.053125 0.35185185185185186 0.10625 0.24814814814814815
2 0.48098958333333336 0.21898148148148147 0.2203125 0.21574074074074073
2 0.5677083333333334 0.10925925925925926 0.12083333333333333 0.1574074074074074
2 0.32317708333333334 0.07222222222222222 0.0515625 0.1
2 0.3145833333333333 0.02962962962962963 0.03125 0.05
2 0.5447916666666667 0.4310185185185185 0.321875 0.33240740740740743
2 0.9575520833333333 0.3282407407407407 0.08177083333333333 0.24166666666666667
2 0.859375 0.225 0.08020833333333334 0.14444444444444443
2 0.7526041666666666 0.225 0.16979166666666667 0.21296296296296297
2 0.8432291666666667 0.12037037037037036 0.06354166666666666 0.10925925925925926
2 0.8606770833333334 0.08148148148148149 0.04635416666666667 0.08703703703703704
2 0.8104166666666667 0.14537037037037037 0.071875 0.11481481481481481
2 0.7252604166666666 0.14629629629629629 0.1265625 0.14814814814814814
2 0.6427083333333333 0.08842592592592592 0.078125 0.10277777777777777
2 0.6979166666666666 0.06157407407407407 0.059375 0.075
2 0.72734375 0.05 0.04635416666666667 0.07222222222222222
2 0.6703125 0.015277777777777777 0.04895833333333333 0.030555555555555555
2 0.7424479166666667 0.01898148148148148 0.034895833333333334 0.03611111111111111
2 0.7614583333333333 0.01574074074074074 0.026041666666666668 0.02962962962962963
2 0.765625 0.08425925925925926 0.05520833333333333 0.09814814814814815
2 0.8125 0.07546296296296297 0.040625 0.07685185185185185
2 0.8088541666666667 0.03333333333333333 0.041666666666666664 0.04814814814814815
3 0.8114583333333333 0.02546296296296296 0.046875 0.05092592592592592
