1 0.44375 0.23472222222222222 0.07083333333333333 0.13240740740740742
1 0.46119791666666665 0.2875 0.09322916666666667 0.1935185185185185
1 0.3307291666666667 0.20185185185185187 0.06354166666666666 0.08518518518518518
1 0.34713541666666664 0.3296296296296296 0.1390625 0.2351851851851852
1 0.05364583333333333 0.26666666666666666 0.07083333333333333 0.1388888888888889
1 0.043229166666666666 0.35648148148148145 0.08645833333333333 0.25
1 0.13463541666666667 0.29583333333333334 0.1171875 0.19722222222222222
0 0.7302083333333333 0.2662037037037037 0.0375 0.0787037037037037
0 0.7578125 0.26851851851851855 0.029166666666666667 0.06481481481481481
0 0.7799479166666666 0.26990740740740743 0.028645833333333332 0.06388888888888888
0 0.8072916666666666 0.27870370370370373 0.027083333333333334 0.07222222222222222
4 0.18177083333333333 0.2828703703703704 0.022916666666666665 0.15092592592592594
4 0.27630208333333334 0.2967592592592593 0.028645833333333332 0.1824074074074074
4 0.5869791666666667 0.3175925925925926 0.03229166666666667 0.07592592592592592
3 0.03619791666666667 0.13055555555555556 0.06822916666666666 0.18518518518518517
2 0.7942708333333334 0.3435185185185185 0.109375 0.10740740740740741
2 0.7677083333333333 0.45185185185185184 0.25416666666666665 0.38333333333333336
2 0.6682291666666667 0.5074074074074074 0.265625 0.3814814814814815
