2 0.2258 0.6390 0.1012 0.1241
2 0.1006 0.6176 0.1169 0.1155
2 0.0436 0.6643 0.0847 0.1285
4 0.7291666666666666 0.6476851851851851 0.021875 0.09907407407407408
3 0.4783854166666667 0.5185185185185185 0.17135416666666667 0.15925925925925927
2 0.7765625 0.6171296296296296 0.11770833333333333 0.1398148148148148
2 0.6580729166666667 0.5944444444444444 0.08697916666666666 0.13703703703703704
2 0.54765625 0.6027777777777777 0.05364583333333333 0.1111111111111111
2 0.40390625 0.6476851851851851 0.06302083333333333 0.13055555555555556
2 0.3067708333333333 0.6050925925925926 0.046875 0.11018518518518519
