3 0.47604166666666664 0.5138888888888888 0.175 0.14629629629629629
2 0.8028645833333333 0.6171296296296296 0.1515625 0.14907407407407408
2 0.69921875 0.7231481481481481 0.19322916666666667 0.19444444444444445
2 0.6588541666666666 0.5921296296296297 0.096875 0.13796296296296295
2 0.5450520833333333 0.5537037037037037 0.06302083333333333 0.06111111111111111
2 0.5434895833333333 0.6027777777777777 0.0609375 0.12777777777777777
2 0.42942708333333335 0.5851851851851851 0.08072916666666667 0.08888888888888889
2 0.4953125 0.6620370370370371 0.071875 0.14629629629629629
2 0.3028645833333333 0.6412037037037037 0.050520833333333334 0.16203703703703703
2 0.20625 0.6134259259259259 0.11666666666666667 0.1287037037037037
2 0.10052083333333334 0.6606481481481481 0.15 0.1361111111111111
2 0.005729166666666666 0.6972222222222222 0.010416666666666666 0.09814814814814815
1 0.9182291666666667 0.5847222222222223 0.08645833333333333 0.12685185185185185
4 0.834375 0.6347222222222222 0.03333333333333333 0.14351851851851852
4 0.8895833333333333 0.5888888888888889 0.019791666666666666 0.0962962962962963
