2 0.3319 0.5226 0.2177 0.1756
2 0.9571 0.5427 0.0884 0.2508
1 0.8752 0.3581 0.0742 0.1182
1 0.9717 0.3690 0.0586 0.1315
1 0.7624 0.3902 0.0815 0.1370
1 0.8284 0.3502 0.0738 0.1083
1 0.9313 0.3655 0.0878 0.1356
1 0.7705729166666667 0.3351851851851852 0.06197916666666667 0.08518518518518518
2 0.6106770833333334 0.49953703703703706 0.12239583333333333 0.23425925925925925
2 0.5028645833333333 0.5453703703703704 0.2265625 0.19074074074074074
2 0.44479166666666664 0.6106481481481482 0.3104166666666667 0.275
2 0.0265625 0.500462962962963 0.04895833333333333 0.18055555555555555
2 0.07447916666666667 0.5138888888888888 0.12291666666666666 0.22407407407407406
