1 0.64609375 0.46805555555555556 0.1265625 0.21944444444444444
1 0.7184895833333333 0.5615740740740741 0.14739583333333334 0.2935185185185185
1 0.309375 0.27546296296296297 0.09479166666666666 0.12685185185185185
4 0.46510416666666665 0.5101851851851852 0.05 0.2351851851851852
4 0.17682291666666666 0.3763888888888889 0.0421875 0.17685185185185184
3 0.4109375 0.24305555555555555 0.15416666666666667 0.1675925925925926
2 0.38958333333333334 0.5606481481481481 0.15104166666666666 0.2953703703703704
2 0.15625 0.3037037037037037 0.07291666666666667 0.16111111111111112
2 0.22135416666666666 0.36203703703703705 0.09895833333333333 0.17037037037037037
2 0.03203125 0.2611111111111111 0.06302083333333333 0.08518518518518518
2 0.026302083333333334 0.3347222222222222 0.05260416666666667 0.2064814814814815
2 0.014322916666666666 0.3925925925925926 0.0265625 0.2796296296296296
