2 0.12994791666666666 0.09907407407407408 0.04635416666666667 0.1
2 0.14583333333333334 0.22175925925925927 0.07916666666666666 0.15833333333333333
2 0.08229166666666667 0.12129629629629629 0.040625 0.06296296296296296
2 0.037760416666666664 0.15231481481481482 0.07447916666666667 0.11944444444444445
2 0.053385416666666664 0.3384259259259259 0.10572916666666667 0.23981481481481481
2 0.28463541666666664 0.40694444444444444 0.2942708333333333 0.31574074074074077
2 0.525 0.23981481481481481 0.24583333333333332 0.2222222222222222
2 0.6575520833333334 0.43703703703703706 0.3953125 0.3074074074074074
2 0.8643229166666667 0.12361111111111112 0.06510416666666667 0.09907407407407408
2 0.90625 0.16620370370370371 0.058333333333333334 0.10833333333333334
2 0.8567708333333334 0.24675925925925926 0.10833333333333334 0.175
2 0.96171875 0.2791666666666667 0.0734375 0.22685185185185186
2 0.8994791666666667 0.3648148148148148 0.15625 0.24814814814814815
