2 0.39348958333333334 0.325 0.0671875 0.13518518518518519
2 0.28958333333333336 0.31666666666666665 0.059375 0.13518518518518519
2 0.23177083333333334 0.2569444444444444 0.065625 0.04537037037037037
2 0.22265625 0.29444444444444445 0.04114583333333333 0.07407407407407407
2 0.24869791666666666 0.2912037037037037 0.05677083333333333 0.0712962962962963
2 0.24739583333333334 0.35138888888888886 0.09166666666666666 0.1398148148148148
2 0.15651041666666668 0.31203703703703706 0.0484375 0.11296296296296296
2 0.11354166666666667 0.2986111111111111 0.03958333333333333 0.05648148148148148
2 0.11875 0.3226851851851852 0.041666666666666664 0.0787037037037037
2 0.07395833333333333 0.29907407407407405 0.034375 0.04814814814814815
2 0.033854166666666664 0.31666666666666665 0.0375 0.08333333333333333
2 0.06953125 0.35462962962962963 0.08802083333333334 0.10740740740740741
