2 0.4442 0.6246 0.3215 0.3118
2 0.5495 0.5043 0.2148 0.2174
4 0.6375 0.5773148148148148 0.06041666666666667 0.25462962962962965
4 0.9776041666666667 0.4791666666666667 0.03958333333333333 0.20277777777777778
2 0.05026041666666667 0.5013888888888889 0.0984375 0.19166666666666668
1 0.7356770833333334 0.3148148148148148 0.030729166666666665 0.04814814814814815
1 0.7755208333333333 0.30462962962962964 0.05 0.03333333333333333
1 0.7684895833333333 0.3199074074074074 0.04010416666666667 0.03611111111111111
1 0.7578125 0.3574074074074074 0.06875 0.07407407407407407
1 0.8125 0.31527777777777777 0.0625 0.04537037037037037
1 0.8763020833333334 0.3143518518518518 0.07239583333333334 0.04722222222222222
1 0.94140625 0.3314814814814815 0.0796875 0.06111111111111111
1 0.9731770833333333 0.3976851851851852 0.0453125 0.1675925925925926
0 0.14192708333333334 0.49074074074074076 0.044270833333333336 0.10555555555555556
2 0.8434895833333333 0.475462962962963 0.2421875 0.32685185185185184
