2 0.9553 0.3803 0.0938 0.1902
1 0.1317 0.2852 0.1057 0.2106
1 0.0329 0.3596 0.0657 0.2292
4 0.17838541666666666 0.28703703703703703 0.0359375 0.13703703703703704
2 0.41796875 0.3087962962962963 0.15052083333333333 0.18425925925925926
2 0.3299479166666667 0.42824074074074076 0.17239583333333333 0.3509259259259259
1 0.14557291666666666 0.175 0.07447916666666667 0.06481481481481481
0 0.7020833333333333 0.25925925925925924 0.03229166666666667 0.07407407407407407
0 0.75703125 0.2712962962962963 0.044270833333333336 0.09814814814814815
0 0.7794270833333333 0.28055555555555556 0.028645833333333332 0.07592592592592592
