1 0.9088541666666666 0.5856481481481481 0.06875 0.11944444444444445
1 0.7182291666666667 0.5305555555555556 0.053125 0.037037037037037035
4 0.4942708333333333 0.6050925925925926 0.019791666666666666 0.11018518518518519
4 0.93671875 0.6759259259259259 0.04114583333333333 0.16666666666666666
4 0.88359375 0.6958333333333333 0.0421875 0.175
4 0.8072916666666666 0.6111111111111112 0.034375 0.13518518518518519
3 0.6903645833333333 0.5162037037037037 0.13489583333333333 0.1638888888888889
3 0.478125 0.5166666666666667 0.171875 0.1574074074074074
2 0.5591145833333333 0.5833333333333334 0.0453125 0.13703703703703704
2 0.4075520833333333 0.6351851851851852 0.0703125 0.13703703703703704
2 0.25364583333333335 0.6555555555555556 0.03958333333333333 0.13703703703703704
2 0.7677083333333333 0.6092592592592593 0.1 0.14629629629629629
