2 0.2177 0.3666 0.1065 0.1520
2 0.3997 0.3267 0.0850 0.1347
3 0.475 0.24351851851851852 0.12083333333333333 0.08888888888888889
3 0.0640625 0.5902777777777778 0.128125 0.4601851851851852
2 0.2713541666666667 0.262037037037037 0.03854166666666667 0.04814814814814815
2 0.30911458333333336 0.25555555555555554 0.0421875 0.04814814814814815
2 0.29739583333333336 0.3050925925925926 0.040625 0.09166666666666666
2 0.2671875 0.3175925925925926 0.07916666666666666 0.1537037037037037
2 0.16171875 0.275 0.030729166666666665 0.04814814814814815
2 0.1640625 0.3189814814814815 0.028125 0.09537037037037037
2 0.11614583333333334 0.2791666666666667 0.042708333333333334 0.03981481481481482
2 0.12005208333333334 0.3143518518518518 0.044270833333333336 0.075
2 0.07005208333333333 0.34814814814814815 0.09114583333333333 0.09814814814814815
2 0.07317708333333334 0.29444444444444445 0.03802083333333333 0.06111111111111111
2 0.008072916666666667 0.36018518518518516 0.0140625 0.1
