2 0.2395 0.3553 0.0901 0.1433
2 0.034375 0.3101851851851852 0.041666666666666664 0.07037037037037037
2 0.07526041666666666 0.30925925925925923 0.0296875 0.07222222222222222
2 0.1078125 0.29074074074074074 0.030208333333333334 0.05185185185185185
2 0.15416666666666667 0.3060185185185185 0.034375 0.10462962962962963
2 0.12447916666666667 0.31296296296296294 0.046875 0.1111111111111111
2 0.225 0.2828703703703704 0.0375 0.06759259259259259
2 0.25416666666666665 0.262037037037037 0.051041666666666666 0.05185185185185185
2 0.25442708333333336 0.2773148148148148 0.04635416666666667 0.05648148148148148
2 0.30078125 0.2953703703703704 0.022395833333333334 0.07222222222222222
2 0.2794270833333333 0.31851851851851853 0.05364583333333333 0.10925925925925926
3 0.46380208333333334 0.2412037037037037 0.12135416666666667 0.09722222222222222
3 0.29973958333333334 0.26851851851851855 0.06614583333333333 0.1
