2 0.12473958333333333 0.28194444444444444 0.05364583333333333 0.06574074074074074
2 0.19375 0.2740740740740741 0.027083333333333334 0.05925925925925926
2 0.2453125 0.27175925925925926 0.07083333333333333 0.0712962962962963
2 0.28958333333333336 0.2652777777777778 0.04479166666666667 0.049074074074074076
2 0.2838541666666667 0.30925925925925923 0.06041666666666667 0.12407407407407407
2 0.22265625 0.35138888888888886 0.0921875 0.1527777777777778
2 0.36822916666666666 0.26342592592592595 0.04479166666666667 0.07685185185185185
2 0.38619791666666664 0.2726851851851852 0.027604166666666666 0.04351851851851852
2 0.40989583333333335 0.29305555555555557 0.04583333333333333 0.10462962962962963
2 0.38307291666666665 0.34074074074074073 0.0734375 0.1259259259259259
3 0.4705729166666667 0.225 0.1546875 0.11851851851851852
