3 0.6125 0.0510 0.0794 0.0992
2 0.4538 0.1097 0.0992 0.1315
2 0.7921 0.0373 0.0806 0.0729
2 0.6987 0.0289 0.0753 0.0611
2 0.233984375 0.09131944444444444 0.08125 0.08680555555555555
2 0.3693359375 0.016666666666666666 0.044140625 0.03333333333333333
2 0.313671875 0.026041666666666668 0.0203125 0.04652777777777778
2 0.967578125 0.06979166666666667 0.06328125 0.11736111111111111
2 0.93359375 0.043055555555555555 0.07109375 0.08333333333333333
2 0.8517578125 0.03125 0.077734375 0.059722222222222225
2 0.8857421875 0.049305555555555554 0.085546875 0.09027777777777778
2 0.795703125 0.38125 0.33203125 0.3638888888888889
2 0.569921875 0.6059027777777778 0.440625 0.45208333333333334
0 0.1064453125 0.13159722222222223 0.037109375 0.06458333333333334
