3 0.4752604166666667 0.5226851851851851 0.17239583333333333 0.1638888888888889
2 0.7955729166666666 0.6314814814814815 0.1546875 0.14074074074074075
2 0.9356770833333333 0.6620370370370371 0.12552083333333333 0.17222222222222222
2 0.5502604166666667 0.5819444444444445 0.05260416666666667 0.09537037037037037
2 0.47578125 0.6111111111111112 0.0578125 0.12222222222222222
2 0.40625 0.6509259259259259 0.06666666666666667 0.14629629629629629
2 0.3078125 0.5990740740740741 0.042708333333333334 0.09814814814814815
2 0.22760416666666666 0.6666666666666666 0.08958333333333333 0.13703703703703704
2 0.06744791666666666 0.6847222222222222 0.13489583333333333 0.16944444444444445
1 0.9403645833333333 0.5694444444444444 0.10364583333333334 0.09074074074074075
4 0.8927083333333333 0.5625 0.020833333333333332 0.06018518518518518
4 0.8263020833333333 0.575462962962963 0.018229166666666668 0.05648148148148148
4 0.6411458333333333 0.6143518518518518 0.028125 0.14166666666666666
4 0.3890625 0.6847222222222222 0.029166666666666667 0.16018518518518518
