5 0.4540 0.2731 0.0283 0.1569
5 0.5635 0.2847 0.0222 0.1502
5 0.7189 0.1956 0.0208 0.1190
2 0.8947916666666667 0.11944444444444445 0.08333333333333333 0.12037037037037036
2 0.7591145833333334 0.09074074074074075 0.058854166666666666 0.05
2 0.5338541666666666 0.06712962962962964 0.06666666666666667 0.06759259259259259
2 0.1578125 0.1712962962962963 0.09166666666666666 0.10185185185185185
1 0.7765625 0.15925925925925927 0.08125 0.14814814814814814
0 0.22369791666666666 0.2740740740740741 0.050520833333333334 0.15555555555555556
0 0.29921875 0.225 0.05364583333333333 0.1259259259259259
0 0.3645833333333333 0.19675925925925927 0.06979166666666667 0.10462962962962963
0 0.146875 0.22361111111111112 0.046875 0.08055555555555556
5 0.81953125 0.14027777777777778 0.013020833333333334 0.10462962962962963
5 0.8713541666666667 0.13148148148148148 0.011458333333333333 0.1037037037037037
5 0.9669270833333333 0.14537037037037037 0.0140625 0.09444444444444444
4 0.8455729166666667 0.14166666666666666 0.021354166666666667 0.1111111111111111
4 0.68984375 0.1648148148148148 0.018229166666666668 0.12037037037037036
4 0.7026041666666667 0.16018518518518518 0.030208333333333334 0.13518518518518519
4 0.534375 0.26851851851851855 0.03958333333333333 0.1388888888888889
3 0.8940104166666667 0.06712962962962964 0.0828125 0.13240740740740742
3 0.9510416666666667 0.08981481481481482 0.09583333333333334 0.17037037037037037
0 0.9080729166666667 0.9027777777777778 0.17864583333333334 0.18333333333333332
