2 0.8854 0.4930 0.1975 0.4012
2 0.0729 0.4735 0.1357 0.3301
2 0.8813 0.2284 0.1418 0.1491
3 0.4747395833333333 0.06018518518518518 0.07447916666666667 0.12037037037037036
3 0.07291666666666667 0.13148148148148148 0.11145833333333334 0.13518518518518519
3 0.12994791666666666 0.11018518518518519 0.05677083333333333 0.15925925925925927
3 0.18255208333333334 0.13148148148148148 0.09739583333333333 0.23148148148148148
3 0.24505208333333334 0.15694444444444444 0.1734375 0.3138888888888889
2 0.43802083333333336 0.06712962962962964 0.035416666666666666 0.10648148148148148
0 0.5033854166666667 0.25555555555555554 0.08177083333333333 0.16111111111111112
0 0.9666666666666667 0.4125 0.06041666666666667 0.14907407407407408
0 0.3502604166666667 0.3087962962962963 0.0703125 0.19722222222222222
5 0.14817708333333332 0.20416666666666666 0.022395833333333334 0.11574074074074074
5 0.15703125 0.2587962962962963 0.021354166666666667 0.1287037037037037
5 0.6065104166666667 0.07361111111111111 0.0140625 0.08611111111111111
