5 0.8067708333333333 0.5916666666666667 0.04479166666666667 0.22037037037037038
5 0.76640625 0.39490740740740743 0.0234375 0.14907407407407408
5 0.6942708333333333 0.29768518518518516 0.016666666666666666 0.09351851851851851
5 0.6856770833333333 0.262037037037037 0.022395833333333334 0.11296296296296296
5 0.6283854166666667 0.21064814814814814 0.015104166666666667 0.10648148148148148
4 0.6119791666666666 0.13333333333333333 0.017708333333333333 0.04814814814814815
4 0.5986979166666667 0.1837962962962963 0.022395833333333334 0.0824074074074074
4 0.6755208333333333 0.25972222222222224 0.029166666666666667 0.10462962962962963
3 0.8760416666666667 0.4263888888888889 0.24479166666666666 0.44722222222222224
3 0.9088541666666666 0.6087962962962963 0.17916666666666667 0.36574074074074076
3 0.7830729166666667 0.23148148148148148 0.09427083333333333 0.15185185185185185
3 0.6283854166666667 0.1685185185185185 0.1265625 0.13518518518518519
2 0.72890625 0.1574074074074074 0.043229166666666666 0.05185185185185185
2 0.8221354166666667 0.2310185185185185 0.033854166666666664 0.08055555555555556
2 0.48828125 0.15416666666666667 0.05364583333333333 0.08611111111111111
1 0.5380208333333333 0.13796296296296295 0.04479166666666667 0.08703703703703704
1 0.6872395833333333 0.2310185185185185 0.09010416666666667 0.1175925925925926
1 0.7872395833333333 0.3055555555555556 0.10572916666666667 0.19074074074074074
0 0.31875 0.28425925925925927 0.075 0.18333333333333332
