4 0.645703125 0.28055555555555556 0.02734375 0.12222222222222222
4 0.583984375 0.2298611111111111 0.03203125 0.10138888888888889
3 0.26328125 0.12152777777777778 0.10625 0.08472222222222223
3 0.307421875 0.10694444444444444 0.07265625 0.07777777777777778
3 0.32890625 0.2111111111111111 0.2515625 0.22777777777777777
3 0.49921875 0.16944444444444445 0.1421875 0.16666666666666666
3 0.56953125 0.16458333333333333 0.0390625 0.12083333333333333
3 0.6796875 0.16458333333333333 0.125 0.1763888888888889
3 0.765234375 0.2673611111111111 0.19765625 0.30972222222222223
3 0.86796875 0.21875 0.0484375 0.13194444444444445
3 0.9015625 0.2222222222222222 0.053125 0.10833333333333334
2 0.39609375 0.12986111111111112 0.0578125 0.05138888888888889
2 0.46328125 0.1625 0.053125 0.08055555555555556
1 0.437109375 0.14583333333333334 0.05390625 0.07777777777777778
5 0.544140625 0.2833333333333333 0.01953125 0.10833333333333334
