5 0.3638 0.3224 0.0275 0.1491
5 0.7893229166666667 0.1763888888888889 0.022395833333333334 0.11944444444444445
5 0.8234375 0.25046296296296294 0.015625 0.14166666666666666
5 0.8799479166666667 0.16296296296296298 0.021354166666666667 0.08888888888888889
5 0.9791666666666666 0.1587962962962963 0.013541666666666667 0.08981481481481482
5 0.9872395833333333 0.13796296296296295 0.015104166666666667 0.08703703703703704
4 0.4752604166666667 0.24444444444444444 0.043229166666666666 0.17037037037037037
4 0.7200520833333334 0.14212962962962963 0.0359375 0.06574074074074074
4 0.8705729166666667 0.15231481481481482 0.0234375 0.10277777777777777
4 0.8809895833333333 0.14675925925925926 0.019270833333333334 0.10833333333333334
4 0.88828125 0.15601851851851853 0.015104166666666667 0.11944444444444445
4 0.8958333333333334 0.14953703703703702 0.017708333333333333 0.11944444444444445
3 0.63984375 0.1388888888888889 0.1203125 0.25925925925925924
3 0.7044270833333334 0.041666666666666664 0.0703125 0.07407407407407407
3 0.6541666666666667 0.03981481481481482 0.04791666666666667 0.07407407407407407
3 0.4674479166666667 0.03796296296296296 0.0671875 0.06481481481481481
3 0.029166666666666667 0.16620370370370371 0.058333333333333334 0.10833333333333334
2 0.04010416666666667 0.2763888888888889 0.078125 0.13796296296296295
2 0.5322916666666667 0.04675925925925926 0.041666666666666664 0.05648148148148148
2 0.4239583333333333 0.07592592592592592 0.052083333333333336 0.06666666666666667
2 0.471875 0.08287037037037037 0.05416666666666667 0.05648148148148148
2 0.4703125 0.13518518518518519 0.05416666666666667 0.12222222222222222
2 0.5213541666666667 0.1712962962962963 0.03333333333333333 0.15
2 0.5473958333333333 0.09953703703703703 0.053125 0.07685185185185185
2 0.5760416666666667 0.10046296296296296 0.051041666666666666 0.06944444444444445
2 0.5734375 0.19768518518518519 0.109375 0.2064814814814815
2 0.6697916666666667 0.06481481481481481 0.029166666666666667 0.05555555555555555
2 0.7098958333333333 0.09444444444444444 0.06666666666666667 0.1
2 0.7315104166666667 0.2513888888888889 0.1640625 0.2175925925925926
2 0.7604166666666666 0.0787037037037037 0.041666666666666664 0.06481481481481481
2 0.8044270833333333 0.13148148148148148 0.09739583333333333 0.15185185185185185
2 0.8286458333333333 0.0875 0.034375 0.06944444444444445
2 0.8549479166666667 0.09444444444444444 0.027604166666666666 0.06481481481481481
2 0.88828125 0.12314814814814815 0.05260416666666667 0.12407407407407407
2 0.93671875 0.13657407407407407 0.0984375 0.14537037037037037
2 0.9088541666666666 0.3143518518518518 0.115625 0.2490740740740741
1 0.9729166666666667 0.12037037037037036 0.0375 0.07777777777777778
1 0.990625 0.10277777777777777 0.016666666666666666 0.07777777777777778
0 0.08411458333333334 0.21157407407407408 0.030729166666666665 0.0787037037037037
0 0.10052083333333334 0.1935185185185185 0.03333333333333333 0.06851851851851852
0 0.22369791666666666 0.2740740740740741 0.050520833333333334 0.17222222222222222
0 0.24427083333333333 0.26851851851851855 0.04583333333333333 0.0962962962962963
0 0.29010416666666666 0.26481481481481484 0.03854166666666667 0.13703703703703704
0 0.28515625 0.23055555555555557 0.05364583333333333 0.09814814814814815
0 0.3182291666666667 0.22777777777777777 0.03854166666666667 0.09814814814814815
0 0.16119791666666666 0.2273148148148148 0.043229166666666666 0.10833333333333334
5 0.60703125 0.17824074074074073 0.0140625 0.025
3 0.38958333333333334 0.21944444444444444 0.16354166666666667 0.29814814814814816
