0 0.9565104166666667 0.35324074074074074 0.08385416666666666 0.12685185185185185
0 0.9596354166666666 0.3814814814814815 0.07239583333333334 0.1259259259259259
0 0.9497395833333333 0.4148148148148148 0.0984375 0.1574074074074074
0 0.3067708333333333 0.3074074074074074 0.071875 0.17407407407407408
5 0.6059895833333333 0.075 0.011979166666666667 0.08703703703703704
5 0.4791666666666667 0.05740740740740741 0.010416666666666666 0.09074074074074075
5 0.171875 0.2074074074074074 0.010416666666666666 0.0962962962962963
5 0.17057291666666666 0.16620370370370371 0.013020833333333334 0.09907407407407408
5 0.2578125 0.19907407407407407 0.013541666666666667 0.07037037037037037
3 0.42473958333333334 0.08009259259259259 0.06822916666666666 0.14166666666666666
3 0.2596354166666667 0.04675925925925926 0.03697916666666667 0.0824074074074074
3 0.29661458333333335 0.043055555555555555 0.04114583333333333 0.08425925925925926
3 0.13567708333333334 0.11851851851851852 0.04739583333333333 0.10925925925925926
2 0.20833333333333334 0.11990740740740741 0.0375 0.06759259259259259
2 0.19947916666666668 0.16203703703703703 0.059375 0.1259259259259259
2 0.109375 0.12314814814814815 0.03333333333333333 0.06111111111111111
2 0.3963541666666667 0.1587962962962963 0.07916666666666666 0.14537037037037037
2 0.4901041666666667 0.06574074074074074 0.03229166666666667 0.0962962962962963
2 0.46536458333333336 0.04861111111111111 0.0203125 0.04351851851851852
2 0.31145833333333334 0.11203703703703703 0.029166666666666667 0.1
2 0.2630208333333333 0.07546296296296297 0.04375 0.06759259259259259
2 0.23359375 0.3458333333333333 0.1640625 0.3212962962962963
2 0.16171875 0.1425925925925926 0.027604166666666666 0.07407407407407407
1 0.6059895833333333 0.060648148148148145 0.0296875 0.09351851851851851
0 0.09921875 0.1439814814814815 0.0328125 0.05648148148148148
