2 0.301171875 0.2125 0.10859375 0.11666666666666667
2 0.262890625 0.14027777777777778 0.04921875 0.05
2 0.33359375 0.11666666666666667 0.03125 0.05555555555555555
1 0.23359375 0.18819444444444444 0.0359375 0.1125
1 0.259375 0.18541666666666667 0.0515625 0.11805555555555555
5 0.4703125 0.29791666666666666 0.0203125 0.14305555555555555
5 0.244140625 0.21319444444444444 0.01328125 0.09027777777777778
4 0.64140625 0.2972222222222222 0.025 0.16111111111111112
3 0.465234375 0.21319444444444444 0.19296875 0.19027777777777777
3 0.530859375 0.2520833333333333 0.15078125 0.18472222222222223
3 0.657421875 0.1451388888888889 0.10078125 0.10694444444444444
3 0.851171875 0.23194444444444445 0.10546875 0.19166666666666668
3 0.733984375 0.2833333333333333 0.21171875 0.28888888888888886
3 0.41640625 0.1076388888888889 0.08125 0.07361111111111111
