5 0.3772 0.4557 0.0377 0.2035
5 0.6170 0.4177 0.0319 0.2031
5 0.6302083333333334 0.07268518518518519 0.013541666666666667 0.09166666666666666
5 0.45729166666666665 0.08842592592592592 0.01875 0.032407407407407406
3 0.3859375 0.016666666666666666 0.0375 0.03333333333333333
3 0.21744791666666666 0.049074074074074076 0.049479166666666664 0.09814814814814815
3 0.2947916666666667 0.16018518518518518 0.18125 0.32037037037037036
3 0.40078125 0.2810185185185185 0.15572916666666667 0.41203703703703703
3 0.103125 0.12453703703703704 0.20520833333333333 0.20092592592592592
3 0.12005208333333334 0.28564814814814815 0.2390625 0.4361111111111111
2 0.46380208333333334 0.027777777777777776 0.059895833333333336 0.05555555555555555
2 0.4625 0.0962962962962963 0.08229166666666667 0.15185185185185185
