5 0.6960 0.2082 0.0236 0.1310
5 0.3254 0.3509 0.0294 0.1661
5 0.6067708333333334 0.23842592592592593 0.01875 0.1527777777777778
5 0.7997395833333333 0.1787037037037037 0.0203125 0.12407407407407407
5 0.8622395833333333 0.15324074074074073 0.018229166666666668 0.10092592592592593
4 0.9611979166666667 0.12685185185185185 0.0140625 0.1037037037037037
4 0.828125 0.13148148148148148 0.025 0.1037037037037037
4 0.7963541666666667 0.15833333333333333 0.027083333333333334 0.13703703703703704
4 0.7020833333333333 0.17175925925925925 0.03125 0.11944444444444445
4 0.5419270833333333 0.2324074074074074 0.03697916666666667 0.15925925925925927
4 0.46979166666666666 0.24074074074074073 0.042708333333333334 0.18518518518518517
3 0.9557291666666666 0.04675925925925926 0.08645833333333333 0.09166666666666666
2 0.91171875 0.13518518518518519 0.0890625 0.1111111111111111
2 0.44036458333333334 0.09212962962962963 0.07760416666666667 0.08796296296296297
2 0.48802083333333335 0.08333333333333333 0.036458333333333336 0.08703703703703704
2 0.4661458333333333 0.06388888888888888 0.046875 0.07407407407407407
2 0.42604166666666665 0.2064814814814815 0.09166666666666666 0.18518518518518517
2 0.37473958333333335 0.27037037037037037 0.16927083333333334 0.2611111111111111
2 0.5283854166666667 0.1388888888888889 0.0453125 0.05925925925925926
2 0.5661458333333333 0.20324074074074075 0.11041666666666666 0.1787037037037037
2 0.653125 0.17037037037037037 0.11666666666666667 0.14814814814814814
2 0.6567708333333333 0.11388888888888889 0.08229166666666667 0.09074074074074075
2 0.6703125 0.0824074074074074 0.06354166666666666 0.08148148148148149
2 0.7122395833333334 0.07824074074074074 0.058854166666666666 0.07685185185185185
2 0.7669270833333334 0.15 0.06510416666666667 0.13703703703703704
2 0.7635416666666667 0.08009259259259259 0.04375 0.06388888888888888
2 0.7973958333333333 0.10277777777777777 0.057291666666666664 0.08333333333333333
2 0.8440104166666667 0.11388888888888889 0.06510416666666667 0.10555555555555556
1 0.9364583333333333 0.09444444444444444 0.04895833333333333 0.07407407407407407
1 0.9736979166666667 0.10694444444444444 0.049479166666666664 0.0824074074074074
0 0.16041666666666668 0.23564814814814813 0.042708333333333334 0.10833333333333334
0 0.19479166666666667 0.19907407407407407 0.03229166666666667 0.09074074074074075
0 0.24270833333333333 0.24537037037037038 0.041666666666666664 0.14629629629629629
0 0.23046875 0.2763888888888889 0.050520833333333334 0.1675925925925926
0 0.28802083333333334 0.2490740740740741 0.034375 0.14444444444444443
0 0.31640625 0.21851851851851853 0.04114583333333333 0.1037037037037037
0 0.36380208333333336 0.18888888888888888 0.0390625 0.09814814814814815
0 0.39140625 0.1537037037037037 0.028645833333333332 0.06296296296296296
