2 0.6385416666666667 0.05925925925925926 0.05625 0.06111111111111111
2 0.5252604166666667 0.1925925925925926 0.09114583333333333 0.14444444444444443
2 0.57109375 0.2861111111111111 0.1671875 0.2574074074074074
2 0.11119791666666666 0.22546296296296298 0.0703125 0.05648148148148148
2 0.09817708333333333 0.2518518518518518 0.07552083333333333 0.07592592592592592
2 0.21380208333333334 0.1574074074074074 0.0890625 0.06111111111111111
1 0.2955729166666667 0.1574074074074074 0.04739583333333333 0.06111111111111111
1 0.12213541666666666 0.3 0.06197916666666667 0.15555555555555556
5 0.6895833333333333 0.4125 0.026041666666666668 0.2175925925925926
4 0.7705729166666667 0.33287037037037037 0.04635416666666667 0.225
3 0.22369791666666666 0.29259259259259257 0.1265625 0.3277777777777778
3 0.346875 0.32407407407407407 0.25729166666666664 0.5
3 0.584375 0.09027777777777778 0.09583333333333334 0.1527777777777778
3 0.8533854166666667 0.262037037037037 0.2911458333333333 0.5222222222222223
3 0.05416666666666667 0.17731481481481481 0.08125 0.10833333333333334
3 0.020052083333333335 0.27685185185185185 0.04010416666666667 0.10925925925925926
3 0.06901041666666667 0.4842592592592593 0.13697916666666668 0.4666666666666667
