5 0.7192 0.5101 0.0449 0.2415
2 0.5080 0.0544 0.0450 0.0574
1 0.0286 0.4306 0.0587 0.2551
1 0.23046875 0.1337962962962963 0.028645833333333332 0.06574074074074074
4 0.7317708333333334 0.29814814814814816 0.041666666666666664 0.19444444444444445
3 0.56328125 0.34305555555555556 0.1671875 0.5138888888888888
3 0.6380208333333334 0.11157407407407408 0.13541666666666666 0.2212962962962963
3 0.8424479166666666 0.2361111111111111 0.28072916666666664 0.4703703703703704
3 0.10963541666666667 0.20694444444444443 0.06614583333333333 0.14166666666666666
2 0.21354166666666666 0.21342592592592594 0.06979166666666667 0.11574074074074074
2 0.209375 0.12962962962962962 0.03958333333333333 0.07407407407407407
2 0.01953125 0.2851851851851852 0.03697916666666667 0.10740740740740741
2 0.005989583333333334 0.32314814814814813 0.011979166666666667 0.07777777777777778
2 0.06145833333333333 0.300462962962963 0.11458333333333333 0.1287037037037037
2 0.09036458333333333 0.4875 0.1796875 0.3509259259259259
3 0.3385416666666667 0.30972222222222223 0.3385416666666667 0.6194444444444445
2 0.20442708333333334 0.30787037037037035 0.06614583333333333 0.21388888888888888
