5 0.3677 0.3391 0.0279 0.1711
5 0.6270 0.2498 0.0261 0.1362
5 0.7194 0.2258 0.0248 0.1314
2 0.8607 0.5136 0.2666 0.4510
2 0.0981 0.3254 0.1003 0.1725
2 0.6692 0.1908 0.1113 0.1566
2 0.5732 0.2134 0.1048 0.1494
2 0.5856 0.1433 0.0859 0.1184
2 0.0356 0.2764 0.0677 0.1318
2 0.7751 0.1134 0.1011 0.1083
2 0.17734375 0.1912037037037037 0.11510416666666666 0.1361111111111111
2 0.40989583333333335 0.07361111111111111 0.030208333333333334 0.058333333333333334
2 0.46067708333333335 0.05740740740740741 0.030729166666666665 0.05740740740740741
2 0.43359375 0.11481481481481481 0.05572916666666667 0.07592592592592592
2 0.43723958333333335 0.19444444444444445 0.08489583333333334 0.16111111111111112
2 0.38307291666666665 0.2490740740740741 0.14635416666666667 0.24444444444444444
2 0.7072916666666667 0.09444444444444444 0.06875 0.0962962962962963
2 0.7127604166666667 0.13472222222222222 0.0609375 0.11574074074074074
1 0.013020833333333334 0.3662037037037037 0.025 0.19166666666666668
1 0.8296875 0.11157407407407408 0.05416666666666667 0.10833333333333334
1 0.8859375 0.13240740740740742 0.071875 0.11666666666666667
0 0.2125 0.28935185185185186 0.06145833333333333 0.15092592592592594
0 0.24895833333333334 0.2740740740740741 0.05416666666666667 0.14074074074074075
0 0.28619791666666666 0.25462962962962965 0.04635416666666667 0.12037037037037036
0 0.28880208333333335 0.20185185185185187 0.03802083333333333 0.06296296296296296
0 0.9533854166666667 0.9375 0.09010416666666667 0.11388888888888889
5 0.8973958333333333 0.14629629629629629 0.016666666666666666 0.08333333333333333
5 0.8450520833333334 0.15185185185185185 0.011979166666666667 0.10185185185185185
5 0.7822916666666667 0.1736111111111111 0.016666666666666666 0.10277777777777777
5 0.97734375 0.14444444444444443 0.0109375 0.08703703703703704
4 0.7153645833333333 0.16712962962962963 0.04114583333333333 0.11203703703703703
4 0.5627604166666667 0.23055555555555557 0.03697916666666667 0.15555555555555556
4 0.4471354166666667 0.28055555555555556 0.0453125 0.1685185185185185
3 0.834375 0.016666666666666666 0.103125 0.03333333333333333
3 0.9072916666666667 0.11481481481481481 0.08541666666666667 0.1111111111111111
