2 0.8786458333333333 0.0875 0.025 0.06944444444444445
2 0.8578125 0.0712962962962963 0.0375 0.07592592592592592
2 0.8494791666666667 0.11064814814814815 0.026041666666666668 0.09351851851851851
2 0.9716145833333333 0.27175925925925926 0.0546875 0.14166666666666666
2 0.9518229166666666 0.42916666666666664 0.09427083333333333 0.31574074074074077
2 0.7614583333333333 0.4736111111111111 0.34270833333333334 0.39166666666666666
0 0.7369791666666666 0.20601851851851852 0.06666666666666667 0.15462962962962962
5 0.5278645833333333 0.3175925925925926 0.025520833333333333 0.17592592592592593
5 0.19791666666666666 0.2569444444444444 0.023958333333333335 0.11944444444444445
3 0.5390625 0.15833333333333333 0.19583333333333333 0.31666666666666665
3 0.18151041666666667 0.19027777777777777 0.3255208333333333 0.3787037037037037
3 0.26145833333333335 0.6138888888888889 0.521875 0.7685185185185185
