2 0.08567708333333333 0.29212962962962963 0.12239583333333333 0.1527777777777778
1 0.021875 0.29814814814814816 0.04375 0.10185185185185185
1 0.05130208333333333 0.41805555555555557 0.10260416666666666 0.2324074074074074
1 0.1921875 0.24259259259259258 0.07083333333333333 0.1259259259259259
1 0.24661458333333333 0.21805555555555556 0.08072916666666667 0.13055555555555556
5 0.0921875 0.5541666666666667 0.058333333333333334 0.20833333333333334
5 0.5979166666666667 0.34814814814814815 0.029166666666666667 0.18888888888888888
4 0.25052083333333336 0.39490740740740743 0.057291666666666664 0.2361111111111111
3 0.22604166666666667 0.1736111111111111 0.13125 0.19907407407407407
3 0.48359375 0.1625 0.0421875 0.2675925925925926
3 0.37057291666666664 0.27870370370370373 0.24635416666666668 0.5555555555555556
3 0.6458333333333334 0.10277777777777777 0.18333333333333332 0.2
3 0.8145833333333333 0.5268518518518519 0.36875 0.9388888888888889
