4 0.2375 0.4375 0.052083333333333336 0.27314814814814814
4 0.12421875 0.5726851851851852 0.08072916666666667 0.2935185185185185
3 0.6252604166666667 0.06481481481481481 0.13489583333333333 0.12962962962962962
3 0.75078125 0.5300925925925926 0.49635416666666665 0.9324074074074075
3 0.4895833333333333 0.059722222222222225 0.140625 0.1175925925925926
3 0.2375 0.17592592592592593 0.16770833333333332 0.31666666666666665
3 0.35963541666666665 0.06805555555555555 0.12447916666666667 0.09537037037037037
3 0.37786458333333334 0.2777777777777778 0.28072916666666664 0.5555555555555556
3 0.08229166666666667 0.3587962962962963 0.16354166666666667 0.5342592592592592
5 0.59765625 0.35 0.0328125 0.18518518518518517
5 0.13932291666666666 0.43287037037037035 0.03177083333333333 0.1638888888888889
