5 0.6170 0.3563 0.0377 0.2059
2 0.22734375 0.2050925925925926 0.07447916666666667 0.10833333333333334
2 0.5278645833333333 0.07361111111111111 0.0390625 0.05462962962962963
2 0.228125 0.2652777777777778 0.090625 0.17685185185185184
2 0.12916666666666668 0.2574074074074074 0.059375 0.11296296296296296
2 0.04192708333333333 0.2708333333333333 0.0796875 0.1175925925925926
2 0.048177083333333336 0.3199074074074074 0.09635416666666667 0.18611111111111112
2 0.07916666666666666 0.4888888888888889 0.15833333333333333 0.37962962962962965
4 0.7328125 0.31666666666666665 0.036458333333333336 0.21851851851851853
3 0.8494791666666667 0.2587962962962963 0.2989583333333333 0.5157407407407407
3 0.6106770833333334 0.10648148148148148 0.1578125 0.2074074074074074
3 0.42864583333333334 0.1425925925925926 0.121875 0.24444444444444444
3 0.35104166666666664 0.33287037037037037 0.25 0.5416666666666666
