2 0.2384 0.2068 0.1470 0.1669
2 0.8901 0.4907 0.1941 0.4235
2 0.8113 0.2657 0.1622 0.2015
2 0.4111 0.1492 0.1315 0.1264
2 0.8938 0.2389 0.1120 0.1584
2 0.4677 0.0641 0.1000 0.0916
2 0.7066 0.7535 0.4914 0.5273
3 0.2765625 0.0962962962962963 0.08125 0.1574074074074074
3 0.12578125 0.1111111111111111 0.06197916666666667 0.13703703703703704
3 0.08020833333333334 0.1259259259259259 0.06666666666666667 0.13333333333333333
3 0.41484375 0.06157407407407407 0.08072916666666667 0.12314814814814815
1 0.48541666666666666 0.041666666666666664 0.05520833333333333 0.08333333333333333
1 0.61796875 0.06574074074074074 0.0484375 0.09074074074074075
0 0.35234375 0.300462962962963 0.06614583333333333 0.2064814814814815
0 0.5065104166666666 0.25092592592592594 0.06614583333333333 0.16111111111111112
0 0.965625 0.4064814814814815 0.065625 0.18518518518518517
5 0.15729166666666666 0.2574074074074074 0.020833333333333332 0.1
