5 0.5593 0.2154 0.0229 0.1333
5 0.8028 0.1776 0.0199 0.1045
2 0.3897 0.2599 0.1207 0.1938
2 0.2103 0.4168 0.2485 0.2507
2 0.9522 0.3171 0.0965 0.2565
2 0.4579 0.1889 0.0904 0.1403
2 0.0305 0.2792 0.0572 0.1037
3 0.48854166666666665 0.03796296296296296 0.0375 0.07407407407407407
2 0.48203125 0.13796296296296295 0.05572916666666667 0.11666666666666667
2 0.5856770833333333 0.12546296296296297 0.0734375 0.1287037037037037
2 0.6229166666666667 0.09537037037037037 0.07291666666666667 0.08518518518518518
2 0.6265625 0.1597222222222222 0.090625 0.1527777777777778
2 0.6875 0.18981481481481483 0.13229166666666667 0.17407407407407408
2 0.6859375 0.07222222222222222 0.04375 0.03518518518518519
2 0.7182291666666667 0.05787037037037037 0.03958333333333333 0.032407407407407406
2 0.71328125 0.11157407407407408 0.050520833333333334 0.11388888888888889
2 0.7515625 0.08425925925925926 0.03854166666666667 0.053703703703703705
2 0.8018229166666667 0.12222222222222222 0.0921875 0.13518518518518519
2 0.7643229166666666 0.15092592592592594 0.059895833333333336 0.13518518518518519
2 0.8330729166666667 0.08888888888888889 0.0390625 0.07222222222222222
2 0.878125 0.11712962962962963 0.06875 0.125
2 0.8955729166666667 0.07361111111111111 0.058854166666666666 0.041666666666666664
2 0.9471354166666667 0.13703703703703704 0.10052083333333334 0.13333333333333333
2 0.97890625 0.1 0.0390625 0.08888888888888889
0 0.15911458333333334 0.23148148148148148 0.04635416666666667 0.10925925925925926
0 0.2799479166666667 0.24027777777777778 0.06822916666666666 0.12314814814814815
0 0.2903645833333333 0.20879629629629629 0.0328125 0.08981481481481482
0 0.315625 0.21481481481481482 0.057291666666666664 0.1111111111111111
0 0.340625 0.19583333333333333 0.058333333333333334 0.07685185185185185
5 0.7494791666666667 0.24814814814814815 0.019791666666666666 0.14629629629629629
5 0.36744791666666665 0.30092592592592593 0.0328125 0.1574074074074074
5 0.8447916666666667 0.15648148148148147 0.015625 0.11481481481481481
5 0.9190104166666667 0.15185185185185185 0.013020833333333334 0.10185185185185185
5 0.984375 0.12916666666666668 0.014583333333333334 0.05277777777777778
4 0.92734375 0.29259259259259257 0.03802083333333333 0.17777777777777778
4 0.9098958333333333 0.15 0.022916666666666665 0.1111111111111111
4 0.7705729166666667 0.23935185185185184 0.03177083333333333 0.15833333333333333
4 0.48072916666666665 0.23703703703703705 0.04583333333333333 0.1685185185185185
