2 0.86484375 0.03518518518518519 0.05260416666666667 0.06481481481481481
2 0.8549479166666667 0.07175925925925926 0.04635416666666667 0.08055555555555556
2 0.9747395833333333 0.24675925925925926 0.0453125 0.06574074074074074
2 0.265625 0.7805555555555556 0.53125 0.4351851851851852
0 0.69765625 0.13148148148148148 0.0421875 0.11851851851851852
0 0.73359375 0.2064814814814815 0.058854166666666666 0.13703703703703704
0 0.8135416666666667 0.3111111111111111 0.121875 0.17222222222222222
3 0.9364583333333333 0.175 0.12395833333333334 0.2388888888888889
3 0.8854166666666666 0.5731481481481482 0.22604166666666667 0.7148148148148148
3 0.69140625 0.05092592592592592 0.09427083333333333 0.0962962962962963
3 0.6080729166666666 0.1439814814814815 0.12239583333333333 0.287962962962963
3 0.11614583333333334 0.14537037037037037 0.215625 0.28888888888888886
3 0.29244791666666664 0.3425925925925926 0.5848958333333333 0.6833333333333333
