2 0.384765625 0.09722222222222222 0.04453125 0.044444444444444446
2 0.434375 0.10277777777777777 0.059375 0.05
2 0.70078125 0.1798611111111111 0.034375 0.08472222222222223
2 0.860546875 0.2111111111111111 0.06640625 0.06944444444444445
1 0.5765625 0.12361111111111112 0.046875 0.05
1 0.652734375 0.15486111111111112 0.04453125 0.04583333333333333
1 0.234375 0.16597222222222222 0.04375 0.09861111111111111
5 0.519140625 0.2833333333333333 0.02421875 0.11666666666666667
5 0.2890625 0.22083333333333333 0.0125 0.09166666666666666
4 0.441015625 0.21875 0.03671875 0.12083333333333333
3 0.75625 0.2722222222222222 0.1765625 0.3
2 0.28125 0.14652777777777778 0.0765625 0.08194444444444444
2 0.300390625 0.20625 0.10859375 0.12916666666666668
2 0.38125 0.1388888888888889 0.05 0.06111111111111111
2 0.441015625 0.16041666666666668 0.08046875 0.07083333333333333
2 0.433984375 0.19305555555555556 0.10703125 0.11388888888888889
2 0.558984375 0.24375 0.11015625 0.1597222222222222
