5 0.6410 0.5293 0.0402 0.2478
5 0.0364 0.6430 0.0623 0.2376
2 0.6044270833333333 0.05185185185185185 0.06302083333333333 0.05555555555555555
2 0.6153645833333333 0.06620370370370371 0.06822916666666666 0.05648148148148148
2 0.28098958333333335 0.10185185185185185 0.0390625 0.05555555555555555
2 0.0078125 0.28564814814814815 0.014583333333333334 0.0787037037037037
2 0.020052083333333335 0.3611111111111111 0.0390625 0.1425925925925926
2 0.07578125 0.5222222222222223 0.1515625 0.35555555555555557
2 0.24322916666666666 0.2824074074074074 0.13958333333333334 0.2074074074074074
2 0.3125 0.2361111111111111 0.052083333333333336 0.17037037037037037
1 0.29609375 0.49537037037037035 0.17760416666666667 0.37962962962962965
0 0.3614583333333333 0.09212962962962963 0.030208333333333334 0.05648148148148148
0 0.41953125 0.08333333333333333 0.04739583333333333 0.06111111111111111
4 0.7390625 0.3111111111111111 0.040625 0.21666666666666667
4 0.2591145833333333 0.3277777777777778 0.0265625 0.0962962962962963
3 0.3888020833333333 0.2662037037037037 0.17447916666666666 0.3972222222222222
3 0.5606770833333333 0.18287037037037038 0.1234375 0.25092592592592594
3 0.5861979166666667 0.41574074074074074 0.17135416666666667 0.3685185185185185
3 0.8515625 0.2773148148148148 0.2916666666666667 0.5305555555555556
3 0.2140625 0.11157407407407408 0.11666666666666667 0.14907407407407408
