3 0.47578125 0.03981481481481482 0.0484375 0.07962962962962963
3 0.109375 0.11388888888888889 0.051041666666666666 0.1388888888888889
3 0.13046875 0.11157407407407408 0.05364583333333333 0.14351851851851852
2 0.08385416666666666 0.14027777777777778 0.03958333333333333 0.06944444444444445
2 0.2559895833333333 0.07037037037037037 0.024479166666666666 0.06111111111111111
2 0.26875 0.06481481481481481 0.021875 0.06851851851851852
2 0.40260416666666665 0.04953703703703704 0.051041666666666666 0.06388888888888888
2 0.4859375 0.07037037037037037 0.046875 0.09074074074074075
2 0.4080729166666667 0.14537037037037037 0.09947916666666666 0.1425925925925926
2 0.8747395833333333 0.4930555555555556 0.17864583333333334 0.44907407407407407
2 0.30390625 0.14629629629629629 0.033854166666666664 0.12222222222222222
2 0.18255208333333334 0.1726851851851852 0.09322916666666667 0.14907407407407408
2 0.221875 0.21157407407407408 0.171875 0.20462962962962963
2 0.23411458333333332 0.350462962962963 0.15885416666666666 0.31574074074074077
0 0.31223958333333335 0.3055555555555556 0.07760416666666667 0.19074074074074074
0 0.9645833333333333 0.34305555555555556 0.06875 0.14351851851851852
0 0.9674479166666666 0.42407407407407405 0.059895833333333336 0.16296296296296298
5 0.6252604166666667 0.06898148148148148 0.008854166666666666 0.08981481481481482
5 0.5666666666666667 0.08564814814814815 0.005208333333333333 0.08796296296296297
5 0.4171875 0.06342592592592593 0.0125 0.06574074074074074
