5 0.9807 0.6691 0.0395 0.2327
3 0.47421875 0.2013888888888889 0.18489583333333334 0.32685185185185184
3 0.70703125 0.2324074074074074 0.1046875 0.1685185185185185
3 0.7885416666666667 0.27824074074074073 0.13020833333333334 0.2675925925925926
3 0.8854166666666666 0.43842592592592594 0.22708333333333333 0.4527777777777778
3 0.98203125 0.9458333333333333 0.030729166666666665 0.10462962962962963
2 0.5440104166666667 0.11157407407407408 0.043229166666666666 0.06944444444444445
1 0.6786458333333333 0.1763888888888889 0.06458333333333334 0.09351851851851851
5 0.7153645833333333 0.2949074074074074 0.019270833333333334 0.10092592592592593
5 0.6177083333333333 0.20972222222222223 0.017708333333333333 0.09537037037037037
4 0.6588541666666666 0.25787037037037036 0.029166666666666667 0.11388888888888889
4 0.6822916666666666 0.2638888888888889 0.026041666666666668 0.12222222222222222
4 0.7013020833333333 0.42777777777777776 0.049479166666666664 0.20925925925925926
