5 0.8808 0.7097 0.0576 0.2503
5 0.7372395833333333 0.3662037037037037 0.0234375 0.13055555555555556
5 0.7075520833333333 0.29814814814814816 0.028645833333333332 0.11481481481481481
5 0.5903645833333333 0.13703703703703704 0.0109375 0.05925925925925926
5 0.59375 0.18703703703703703 0.019791666666666666 0.08888888888888889
4 0.6705729166666666 0.14953703703703702 0.015104166666666667 0.04537037037037037
4 0.8703125 0.3787037037037037 0.040625 0.07962962962962963
3 0.7065104166666667 0.24583333333333332 0.09947916666666666 0.1712962962962963
2 0.6182291666666667 0.14629629629629629 0.06354166666666666 0.07037037037037037
2 0.54296875 0.11712962962962963 0.0484375 0.05462962962962963
2 0.6463541666666667 0.20416666666666666 0.07083333333333333 0.09722222222222222
2 0.7236979166666667 0.15462962962962962 0.03177083333333333 0.05
2 0.77109375 0.17916666666666667 0.03802083333333333 0.05277777777777778
2 0.8125 0.26064814814814813 0.041666666666666664 0.10277777777777777
2 0.8786458333333333 0.28564814814814815 0.08333333333333333 0.06574074074074074
2 0.89921875 0.3490740740740741 0.1140625 0.1574074074074074
2 0.9122395833333333 0.40324074074074073 0.04739583333333333 0.1398148148148148
2 0.7794270833333333 0.39305555555555555 0.10364583333333334 0.16574074074074074
2 0.9799479166666667 0.49953703703703706 0.03697916666666667 0.15648148148148147
