5 0.6837 0.4831 0.0374 0.2180
1 0.5184 0.0692 0.0509 0.0522
2 0.0890625 0.15787037037037038 0.057291666666666664 0.05648148148148148
2 0.07994791666666666 0.2050925925925926 0.07552083333333333 0.06944444444444445
2 0.10416666666666667 0.23425925925925925 0.07708333333333334 0.07407407407407407
2 0.18671875 0.23148148148148148 0.03802083333333333 0.11296296296296296
2 0.53671875 0.12129629629629629 0.03697916666666667 0.07222222222222222
1 0.05546875 0.2564814814814815 0.0734375 0.09444444444444444
1 0.1109375 0.20925925925925926 0.06666666666666667 0.06111111111111111
1 0.17682291666666666 0.19444444444444445 0.03697916666666667 0.07037037037037037
1 0.32265625 0.10416666666666667 0.049479166666666664 0.05462962962962963
1 0.30078125 0.14074074074074075 0.05677083333333333 0.08888888888888889
1 0.08385416666666666 0.399537037037037 0.16770833333333332 0.3972222222222222
1 0.07239583333333334 0.85 0.14479166666666668 0.29259259259259257
4 0.6825520833333333 0.4439814814814815 0.05364583333333333 0.25833333333333336
4 0.25677083333333334 0.4060185185185185 0.04895833333333333 0.23981481481481481
3 0.23723958333333334 0.29444444444444445 0.1390625 0.37407407407407406
3 0.37109375 0.29444444444444445 0.2578125 0.5185185185185185
3 0.5653645833333333 0.12037037037037036 0.09114583333333333 0.1
3 0.5723958333333333 0.30787037037037035 0.14791666666666667 0.38796296296296295
3 0.6708333333333333 0.16342592592592592 0.07708333333333334 0.20277777777777778
3 0.8502604166666666 0.25 0.26510416666666664 0.45925925925925926
3 0.022395833333333334 0.2712962962962963 0.04375 0.18518518518518517
