2 0.8244791666666667 0.38425925925925924 0.08229166666666667 0.17037037037037037
2 0.7130208333333333 0.21203703703703702 0.08541666666666667 0.15185185185185185
2 0.6794270833333333 0.44814814814814813 0.2890625 0.3814814814814815
2 0.98203125 0.9157407407407407 0.030729166666666665 0.1648148148148148
2 0.41041666666666665 0.12453703703703704 0.17604166666666668 0.2490740740740741
1 0.28854166666666664 0.2675925925925926 0.21875 0.45555555555555555
5 0.8921875 0.475462962962963 0.041666666666666664 0.09537037037037037
5 0.8359375 0.3162037037037037 0.016666666666666666 0.021296296296296296
5 0.6161458333333333 0.13425925925925927 0.03958333333333333 0.09814814814814815
5 0.24713541666666666 0.027777777777777776 0.0296875 0.053703703703703705
4 0.5572916666666666 0.4222222222222222 0.07083333333333333 0.3037037037037037
