2 0.0982 0.2863 0.0711 0.1482
2 0.0216 0.2739 0.0468 0.1177
2 0.4203125 0.08425925925925926 0.06354166666666666 0.07592592592592592
2 0.3848958333333333 0.2740740740740741 0.159375 0.26851851851851855
2 0.5744791666666667 0.20092592592592592 0.10520833333333333 0.1648148148148148
2 0.6265625 0.15138888888888888 0.0875 0.14351851851851852
2 0.7140625 0.23703703703703705 0.15104166666666666 0.2074074074074074
2 0.78984375 0.1625 0.1296875 0.14166666666666666
2 0.82421875 0.13425925925925927 0.10364583333333334 0.13703703703703704
2 0.8494791666666667 0.11435185185185186 0.078125 0.1175925925925926
2 0.88359375 0.11388888888888889 0.0578125 0.1037037037037037
2 0.94296875 0.1361111111111111 0.09010416666666667 0.12222222222222222
2 0.9609375 0.11064814814814815 0.06770833333333333 0.08981481481481482
2 0.9854166666666667 0.3074074074074074 0.023958333333333335 0.18703703703703703
1 0.9765625 0.09768518518518518 0.04479166666666667 0.07685185185185185
1 0.8380208333333333 0.2796296296296296 0.134375 0.20925925925925926
0 0.21380208333333334 0.287962962962963 0.06302083333333333 0.14444444444444443
0 0.29322916666666665 0.2310185185185185 0.041666666666666664 0.13055555555555556
0 0.3125 0.24583333333333332 0.040625 0.08981481481481482
0 0.32734375 0.21203703703703702 0.033854166666666664 0.08703703703703704
0 0.346875 0.18101851851851852 0.03125 0.06944444444444445
0 0.375 0.1685185185185185 0.046875 0.05185185185185185
5 0.35989583333333336 0.3421296296296296 0.034375 0.1787037037037037
5 0.5966145833333333 0.23148148148148148 0.027604166666666666 0.14814814814814814
5 0.7622395833333333 0.2740740740740741 0.022395833333333334 0.15
5 0.8247395833333333 0.17592592592592593 0.028645833333333332 0.040740740740740744
5 0.86875 0.15925925925925927 0.016666666666666666 0.10925925925925926
5 0.9799479166666667 0.16296296296296298 0.015104166666666667 0.12037037037037036
5 0.9901041666666667 0.10925925925925926 0.014583333333333334 0.08333333333333333
4 0.4549479166666667 0.23703703703703705 0.030729166666666665 0.16296296296296298
4 0.7265625 0.14907407407407408 0.03854166666666667 0.06111111111111111
4 0.9848958333333333 0.1986111111111111 0.027083333333333334 0.12685185185185185
