5 0.3789 0.3507 0.0324 0.1613
5 0.7805 0.2923 0.0330 0.1611
5 0.6109 0.2440 0.0230 0.1354
5 0.8634 0.1650 0.0196 0.1116
2 0.7291 0.2350 0.1564 0.2229
2 0.3877 0.2823 0.1198 0.2337
2 0.5672 0.1902 0.1100 0.1659
2 0.8187 0.1356 0.1135 0.1264
2 0.1647 0.1823 0.0827 0.0971
2 0.4340 0.1982 0.0885 0.1387
2 0.6423 0.1474 0.0833 0.1336
1 0.9794270833333333 0.10601851851851851 0.0390625 0.08055555555555556
1 0.9515625 0.1037037037037037 0.03958333333333333 0.07592592592592592
1 0.915625 0.09212962962962963 0.03958333333333333 0.062037037037037036
1 0.41770833333333335 0.08009259259259259 0.029166666666666667 0.06388888888888888
0 0.08697916666666666 0.21666666666666667 0.03125 0.0962962962962963
0 0.15130208333333334 0.2101851851851852 0.0359375 0.08703703703703704
0 0.21744791666666666 0.27175925925925926 0.05572916666666667 0.09907407407407408
0 0.25885416666666666 0.2796296296296296 0.041666666666666664 0.12222222222222222
0 0.2903645833333333 0.2537037037037037 0.05364583333333333 0.1259259259259259
0 0.3140625 0.24768518518518517 0.05416666666666667 0.11944444444444445
0 0.33619791666666665 0.21064814814814814 0.04114583333333333 0.09351851851851851
0 0.3450520833333333 0.17592592592592593 0.03177083333333333 0.06296296296296296
0 0.35651041666666666 0.1597222222222222 0.021354166666666667 0.03981481481481482
0 0.3776041666666667 0.15462962962962962 0.03333333333333333 0.024074074074074074
5 0.7932291666666667 0.15648148148148147 0.023958333333333335 0.046296296296296294
5 0.9861979166666667 0.1310185185185185 0.0109375 0.06944444444444445
4 0.9763020833333333 0.14027777777777778 0.0203125 0.10092592592592593
4 0.4622395833333333 0.23935185185185184 0.04114583333333333 0.15833333333333333
4 0.5283854166666667 0.23703703703703705 0.03802083333333333 0.14629629629629629
2 0.7205729166666667 0.11296296296296296 0.0484375 0.11481481481481481
2 0.44557291666666665 0.07222222222222222 0.04114583333333333 0.06481481481481481
2 0.40989583333333335 0.08796296296296297 0.04479166666666667 0.07037037037037037
2 0.9046875 0.12453703703703704 0.0875 0.09166666666666666
2 0.87578125 0.12685185185185185 0.07760416666666667 0.10555555555555556
3 0.023958333333333335 0.23935185185185184 0.04791666666666667 0.15833333333333333
