3 0.89375 0.10416666666666667 0.16458333333333333 0.15462962962962962
3 0.5950520833333334 0.09444444444444444 0.19322916666666667 0.18703703703703703
3 0.8640625 0.14305555555555555 0.07291666666666667 0.15462962962962962
2 0.7677083333333333 0.10416666666666667 0.07291666666666667 0.09907407407407408
2 0.9481770833333333 0.13518518518518519 0.028645833333333332 0.07407407407407407
2 0.9200520833333333 0.14074074074074075 0.043229166666666666 0.08518518518518518
2 0.7981770833333334 0.1912037037037037 0.13802083333333334 0.15462962962962962
2 0.6127604166666667 0.2 0.1890625 0.15555555555555556
1 0.9083333333333333 0.1486111111111111 0.03958333333333333 0.10833333333333334
1 0.05651041666666667 0.2986111111111111 0.024479166666666666 0.06944444444444445
1 0.07786458333333333 0.32083333333333336 0.0359375 0.0787037037037037
0 0.058854166666666666 0.5157407407407407 0.059375 0.10740740740740741
0 0.07083333333333333 0.611574074074074 0.06145833333333333 0.18425925925925926
0 0.7513020833333334 0.12777777777777777 0.033854166666666664 0.05925925925925926
0 0.7346354166666667 0.14722222222222223 0.04739583333333333 0.07592592592592592
0 0.709375 0.1597222222222222 0.04375 0.075
0 0.6838541666666667 0.12037037037037036 0.021875 0.07037037037037037
0 0.6572916666666667 0.11712962962962963 0.01875 0.05092592592592592
0 0.934375 0.26435185185185184 0.04375 0.14351851851851852
