3 0.6046875 0.05324074074074074 0.08229166666666667 0.09166666666666666
3 0.5359375 0.05462962962962963 0.078125 0.10925925925925926
3 0.509375 0.11388888888888889 0.057291666666666664 0.17037037037037037
3 0.49947916666666664 0.1837962962962963 0.0375 0.2361111111111111
3 0.7317708333333334 0.13425925925925927 0.21875 0.26851851851851855
3 0.84140625 0.5300925925925926 0.3140625 0.9324074074074075
3 0.23828125 0.15462962962962962 0.16927083333333334 0.23333333333333334
3 0.3765625 0.28703703703703703 0.26666666666666666 0.5685185185185185
1 0.11614583333333334 0.3143518518518518 0.07916666666666666 0.19166666666666668
1 0.059375 0.39351851851851855 0.11666666666666667 0.25
5 0.13776041666666666 0.42685185185185187 0.033854166666666664 0.19444444444444445
5 0.5966145833333333 0.3509259259259259 0.034895833333333334 0.1962962962962963
4 0.7138020833333333 0.4152777777777778 0.0671875 0.2675925925925926
