5 0.6214 0.4659 0.0381 0.2312
1 0.2115 0.2469 0.0825 0.1386
2 0.03177083333333333 0.23333333333333334 0.0625 0.08703703703703704
2 0.08151041666666667 0.24953703703703703 0.08177083333333333 0.10462962962962963
2 0.13020833333333334 0.19675925925925927 0.029166666666666667 0.0824074074074074
2 0.09401041666666667 0.27546296296296297 0.09739583333333333 0.14351851851851852
2 0.023697916666666666 0.2814814814814815 0.04739583333333333 0.1
2 0.011197916666666667 0.31851851851851853 0.021354166666666667 0.06481481481481481
2 0.08619791666666667 0.48518518518518516 0.17135416666666667 0.31666666666666665
2 0.5580729166666667 0.19814814814814816 0.08177083333333333 0.15
2 0.5877604166666667 0.262037037037037 0.1140625 0.17962962962962964
2 0.5809895833333333 0.3625 0.1453125 0.287962962962963
1 0.1703125 0.13240740740740742 0.0375 0.07962962962962963
1 0.12916666666666668 0.30324074074074076 0.06041666666666667 0.1824074074074074
1 0.01328125 0.41388888888888886 0.025520833333333333 0.15
1 0.05026041666666667 0.36944444444444446 0.0984375 0.15925925925925927
5 0.11328125 0.4337962962962963 0.034895833333333334 0.10462962962962963
4 0.6541666666666667 0.33194444444444443 0.041666666666666664 0.2490740740740741
3 0.44947916666666665 0.16064814814814815 0.08854166666666667 0.24722222222222223
3 0.3625 0.30277777777777776 0.24479166666666666 0.5074074074074074
3 0.5661458333333333 0.10601851851851851 0.08020833333333334 0.17685185185185184
3 0.64296875 0.13564814814814816 0.11927083333333334 0.25277777777777777
3 0.8505208333333333 0.32083333333333336 0.296875 0.6138888888888889
