5 0.4438 0.2961 0.0324 0.1675
5 0.6548 0.3045 0.0299 0.1766
5 0.8295 0.1983 0.0200 0.1176
0 0.21979166666666666 0.2935185185185185 0.05416666666666667 0.15555555555555556
0 0.29661458333333335 0.22083333333333333 0.0671875 0.13425925925925927
0 0.3611979166666667 0.19444444444444445 0.0765625 0.12222222222222222
5 0.7442708333333333 0.20787037037037037 0.019791666666666666 0.12685185185185185
5 0.8557291666666667 0.1574074074074074 0.015625 0.10555555555555556
5 0.8807291666666667 0.1486111111111111 0.016666666666666666 0.09537037037037037
5 0.96953125 0.14212962962962963 0.013020833333333334 0.10462962962962963
4 0.44583333333333336 0.17037037037037037 0.03125 0.11296296296296296
4 0.5278645833333333 0.23796296296296296 0.028645833333333332 0.1574074074074074
3 0.5140625 0.11851851851851852 0.10520833333333333 0.2351851851851852
3 0.6302083333333334 0.18009259259259258 0.21145833333333333 0.36018518518518516
3 0.7638020833333333 0.1388888888888889 0.14739583333333334 0.20185185185185187
3 0.903125 0.09212962962962963 0.09895833333333333 0.1824074074074074
3 0.9567708333333333 0.1087962962962963 0.08125 0.21574074074074073
2 0.834375 0.14305555555555555 0.06666666666666667 0.1287037037037037
3 0.46510416666666665 0.06527777777777778 0.05416666666666667 0.10648148148148148
3 0.014583333333333334 0.24166666666666667 0.029166666666666667 0.15
