2 0.6658854166666667 0.2064814814814815 0.0828125 0.08148148148148149
2 0.7046875 0.26990740740740743 0.0875 0.11574074074074074
2 0.7822916666666667 0.19027777777777777 0.04791666666666667 0.06018518518518518
2 0.8111979166666666 0.21296296296296297 0.0484375 0.05555555555555555
2 0.7911458333333333 0.23935185185185184 0.08020833333333334 0.09722222222222222
2 0.8674479166666667 0.20972222222222223 0.028645833333333332 0.062037037037037036
2 0.9518229166666666 0.3013888888888889 0.03177083333333333 0.06574074074074074
2 0.9736979166666667 0.2953703703703704 0.0359375 0.06296296296296296
2 0.9640625 0.33287037037037037 0.06354166666666666 0.09907407407407408
1 0.7723958333333333 0.32175925925925924 0.11458333333333333 0.15833333333333333
1 0.89921875 0.38796296296296295 0.08489583333333334 0.17407407407407408
0 0.03125 0.6828703703703703 0.06145833333333333 0.3490740740740741
5 0.8213541666666667 0.5907407407407408 0.052083333333333336 0.2
5 0.7234375 0.3662037037037037 0.025 0.1175925925925926
5 0.6653645833333334 0.2967592592592593 0.019270833333333334 0.1175925925925926
5 0.6677083333333333 0.25462962962962965 0.014583333333333334 0.10185185185185185
5 0.6135416666666667 0.18611111111111112 0.014583333333333334 0.08333333333333333
4 0.6859375 0.38287037037037036 0.03854166666666667 0.18055555555555555
4 0.7596354166666667 0.3375 0.03697916666666667 0.08981481481481482
4 0.7203125 0.21712962962962962 0.021875 0.08055555555555556
3 0.91328125 0.5930555555555556 0.1703125 0.36944444444444446
3 0.8841145833333334 0.44305555555555554 0.2265625 0.32314814814814813
3 0.89609375 0.2916666666666667 0.11510416666666666 0.17222222222222222
