5 0.7089 0.2243 0.0228 0.1294
5 0.3753 0.2525 0.0241 0.1307
5 0.8567 0.1606 0.0191 0.1010
1 0.1688 0.3721 0.1333 0.2266
2 0.4354166666666667 0.12361111111111112 0.06666666666666667 0.11944444444444445
2 0.48984375 0.13240740740740742 0.0359375 0.11666666666666667
2 0.4296875 0.2074074074074074 0.14583333333333334 0.18703703703703703
2 0.5393229166666667 0.15092592592592594 0.0703125 0.1388888888888889
2 0.57890625 0.21574074074074073 0.11614583333333334 0.18518518518518517
2 0.5994791666666667 0.10324074074074074 0.078125 0.09166666666666666
2 0.6315104166666666 0.1638888888888889 0.09010416666666667 0.14814814814814814
2 0.5986979166666667 0.06805555555555555 0.03802083333333333 0.06018518518518518
2 0.62734375 0.07268518518518519 0.0453125 0.0787037037037037
2 0.6580729166666667 0.11712962962962963 0.06614583333333333 0.11018518518518519
2 0.7052083333333333 0.1439814814814815 0.06979166666666667 0.14351851851851852
0 0.215625 0.28379629629629627 0.053125 0.1398148148148148
0 0.25052083333333336 0.26851851851851855 0.051041666666666666 0.13518518518518519
0 0.28020833333333334 0.23703703703703705 0.04895833333333333 0.1111111111111111
0 0.325 0.21944444444444444 0.05520833333333333 0.12407407407407407
0 0.95 0.9398148148148148 0.096875 0.11296296296296296
5 0.5447916666666667 0.25 0.022916666666666665 0.14074074074074075
5 0.79375 0.17175925925925925 0.017708333333333333 0.11203703703703703
5 0.9138020833333333 0.15555555555555556 0.013020833333333334 0.08333333333333333
5 0.9276041666666667 0.1310185185185185 0.016666666666666666 0.09166666666666666
4 0.81875 0.16111111111111112 0.028125 0.13333333333333333
4 0.7015625 0.1638888888888889 0.025 0.1388888888888889
4 0.53515625 0.23981481481481481 0.025520833333333333 0.17407407407407408
3 0.6611979166666667 0.0587962962962963 0.0578125 0.09351851851851851
3 0.7015625 0.06805555555555555 0.071875 0.13055555555555556
3 0.8010416666666667 0.1050925925925926 0.1125 0.19166666666666668
3 0.8786458333333333 0.10092592592592593 0.10416666666666667 0.14444444444444443
3 0.93046875 0.09074074074074075 0.13697916666666668 0.1814814814814815
2 0.17447916666666666 0.17824074074074073 0.10625 0.13796296296296295
