2 0.8760416666666667 0.2439814814814815 0.0625 0.06759259259259259
2 0.5630208333333333 0.11666666666666667 0.0375 0.05
2 0.571875 0.13796296296296295 0.06666666666666667 0.08333333333333333
2 0.6627604166666666 0.1814814814814815 0.04010416666666667 0.07037037037037037
1 0.6950520833333333 0.2300925925925926 0.08697916666666666 0.10277777777777777
1 0.5731770833333333 0.21342592592592594 0.08072916666666667 0.1287037037037037
0 0.039322916666666666 0.6773148148148148 0.0765625 0.38055555555555554
5 0.7666666666666667 0.5879629629629629 0.04375 0.2111111111111111
5 0.6828125 0.33611111111111114 0.022916666666666665 0.12962962962962962
5 0.6822916666666666 0.2689814814814815 0.015625 0.09166666666666666
5 0.6666666666666666 0.29814814814814816 0.016666666666666666 0.1111111111111111
5 0.6221354166666667 0.2152777777777778 0.011979166666666667 0.07685185185185185
4 0.6216145833333333 0.19768518518518519 0.0265625 0.10277777777777777
3 0.91953125 0.6337962962962963 0.1578125 0.31203703703703706
3 0.9627604166666667 0.8694444444444445 0.07239583333333334 0.2574074074074074
3 0.9015625 0.425 0.19375 0.3574074074074074
3 0.8893229166666666 0.31527777777777777 0.13697916666666668 0.18055555555555555
3 0.78671875 0.2708333333333333 0.1109375 0.19537037037037036
3 0.7890625 0.3675925925925926 0.09166666666666666 0.2111111111111111
3 0.6203125 0.14027777777777778 0.08854166666666667 0.1175925925925926
3 0.40572916666666664 0.22870370370370371 0.17291666666666666 0.32037037037037036
