4 0.7614583333333333 0.4111111111111111 0.053125 0.26296296296296295
4 0.30390625 0.4689814814814815 0.06614583333333333 0.275
3 0.83828125 0.5342592592592592 0.3203125 0.924074074074074
3 0.5723958333333333 0.07268518518518519 0.06041666666666667 0.14351851851851852
3 0.6111979166666667 0.0824074074074074 0.0765625 0.15925925925925927
3 0.6442708333333333 0.08981481481481482 0.06041666666666667 0.17407407407407408
3 0.7424479166666667 0.13796296296296295 0.1859375 0.26666666666666666
3 0.5317708333333333 0.08796296296296297 0.06666666666666667 0.17407407407407408
3 0.40234375 0.275 0.25052083333333336 0.55
3 0.2453125 0.18888888888888888 0.08333333333333333 0.24259259259259258
3 0.2875 0.125 0.109375 0.24814814814814815
3 0.0796875 0.31203703703703706 0.159375 0.6092592592592593
5 0.06666666666666667 0.5287037037037037 0.046875 0.20185185185185187
5 0.68828125 0.4152777777777778 0.033854166666666664 0.21574074074074073
