5 0.5497 0.2886 0.0270 0.1744
5 0.8067 0.2581 0.0229 0.1254
5 0.4762 0.2958 0.0203 0.1500
2 0.0929 0.4217 0.1413 0.2240
5 0.8484375 0.12129629629629629 0.016666666666666666 0.07222222222222222
5 0.97890625 0.12037037037037036 0.0140625 0.07037037037037037
5 0.9822916666666667 0.1574074074074074 0.017708333333333333 0.0962962962962963
4 0.43359375 0.29259259259259257 0.0453125 0.1925925925925926
4 0.5549479166666667 0.26342592592592595 0.0390625 0.17685185185185184
4 0.7028645833333333 0.15925925925925927 0.027604166666666666 0.13518518518518519
4 0.778125 0.21157407407407408 0.041666666666666664 0.15648148148148147
4 0.8080729166666667 0.12731481481481483 0.022395833333333334 0.10462962962962963
2 0.012760416666666666 0.21064814814814814 0.0234375 0.10277777777777777
2 0.46979166666666666 0.09537037037037037 0.057291666666666664 0.046296296296296294
2 0.45651041666666664 0.1398148148148148 0.08802083333333334 0.1
2 0.4552083333333333 0.1726851851851852 0.096875 0.1527777777777778
2 0.41171875 0.2601851851851852 0.13072916666666667 0.20925925925925926
2 0.528125 0.08796296296296297 0.034375 0.09074074074074075
2 0.4940104166666667 0.08657407407407407 0.033854166666666664 0.08055555555555556
2 0.5526041666666667 0.10416666666666667 0.06041666666666667 0.09351851851851851
2 0.5950520833333334 0.13842592592592592 0.09635416666666667 0.1175925925925926
2 0.6557291666666667 0.2175925925925926 0.10833333333333334 0.18888888888888888
2 0.6403645833333333 0.10324074074074074 0.0828125 0.09537037037037037
2 0.6575520833333334 0.07175925925925926 0.05572916666666667 0.058333333333333334
2 0.6934895833333333 0.08981481481481482 0.06822916666666666 0.07407407407407407
2 0.6963541666666667 0.13703703703703704 0.05 0.12037037037037036
2 0.71796875 0.060648148148148145 0.04010416666666667 0.06759259259259259
2 0.7734375 0.11435185185185186 0.06354166666666666 0.1175925925925926
2 0.80546875 0.10277777777777777 0.0515625 0.0962962962962963
2 0.8760416666666667 0.11064814814814815 0.05416666666666667 0.09907407407407408
2 0.87734375 0.24027777777777778 0.12447916666666667 0.20833333333333334
2 0.9283854166666666 0.13240740740740742 0.0953125 0.11666666666666667
2 0.9434895833333333 0.08888888888888889 0.0609375 0.07222222222222222
1 0.46510416666666665 0.7564814814814815 0.43854166666666666 0.48333333333333334
1 0.9830729166666666 0.11157407407407408 0.030729166666666665 0.075
0 0.08515625 0.2152777777777778 0.034895833333333334 0.08981481481481482
0 0.1625 0.22777777777777777 0.04375 0.09814814814814815
0 0.19036458333333334 0.1986111111111111 0.027604166666666666 0.0787037037037037
0 0.23671875 0.2564814814814815 0.0578125 0.10740740740740741
0 0.23046875 0.2796296296296296 0.050520833333333334 0.1574074074074074
0 0.28567708333333336 0.2611111111111111 0.044270833333333336 0.12777777777777777
0 0.3203125 0.24027777777777778 0.04479166666666667 0.13055555555555556
0 0.36484375 0.1912037037037037 0.04114583333333333 0.10277777777777777
