2 0.0647 0.8709 0.1312 0.2490
3 0.20572916666666666 0.0699074074074074 0.259375 0.1398148148148148
3 0.6463541666666667 0.15185185185185185 0.1375 0.3037037037037037
3 0.71015625 0.0375 0.059895833333333336 0.075
3 0.8700520833333333 0.05694444444444444 0.0671875 0.11388888888888889
3 0.33151041666666664 0.43287037037037035 0.6619791666666667 0.8564814814814815
2 0.06796875 0.1287037037037037 0.0671875 0.11296296296296296
2 0.859375 0.10648148148148148 0.041666666666666664 0.10185185185185185
2 0.8955729166666667 0.1597222222222222 0.08177083333333333 0.1361111111111111
2 0.9557291666666666 0.24583333333333332 0.08645833333333333 0.2064814814814815
2 0.91875 0.5421296296296296 0.159375 0.4601851851851852
0 0.7421875 0.2050925925925926 0.06979166666666667 0.15648148148148147
