4 0.7796875 0.14953703703703702 0.021875 0.11944444444444445
4 0.8541666666666666 0.1162037037037037 0.015625 0.07314814814814814
4 0.70625 0.13425925925925927 0.022916666666666665 0.08888888888888889
4 0.5393229166666667 0.2763888888888889 0.0484375 0.125
4 0.44166666666666665 0.24583333333333332 0.03229166666666667 0.1675925925925926
3 0.60390625 0.03287037037037037 0.0421875 0.05648148148148148
2 0.03802083333333333 0.2 0.03229166666666667 0.06851851851851852
2 0.011979166666666667 0.19166666666666668 0.022916666666666665 0.06296296296296296
2 0.16927083333333334 0.19212962962962962 0.10625 0.12129629629629629
2 0.134375 0.4222222222222222 0.18958333333333333 0.24259259259259258
2 0.05234375 0.35462962962962963 0.10260416666666666 0.24259259259259258
2 0.4825520833333333 0.04537037037037037 0.04739583333333333 0.05
2 0.45364583333333336 0.16620370370370371 0.075 0.14351851851851852
2 0.41640625 0.21712962962962962 0.09739583333333333 0.21203703703703702
2 0.34140625 0.34120370370370373 0.19635416666666666 0.2638888888888889
2 0.5223958333333333 0.13240740740740742 0.058333333333333334 0.11666666666666667
2 0.57265625 0.21203703703703702 0.1140625 0.17037037037037037
2 0.603125 0.14444444444444443 0.08541666666666667 0.11851851851851852
2 0.6286458333333333 0.09814814814814815 0.059375 0.1
2 0.6690104166666667 0.2050925925925926 0.12135416666666667 0.16574074074074074
2 0.6885416666666667 0.09351851851851851 0.05520833333333333 0.08888888888888889
2 0.7119791666666667 0.11805555555555555 0.051041666666666666 0.1175925925925926
2 0.7682291666666666 0.0912037037037037 0.057291666666666664 0.0712962962962963
2 0.8106770833333333 0.1388888888888889 0.0921875 0.12407407407407407
2 0.83046875 0.11574074074074074 0.0984375 0.11296296296296296
2 0.9036458333333334 0.11851851851851852 0.09791666666666667 0.11296296296296296
2 0.94921875 0.1037037037037037 0.0484375 0.08518518518518518
2 0.978125 0.09444444444444444 0.040625 0.0962962962962963
1 0.5583333333333333 0.08888888888888889 0.06875 0.13333333333333333
0 0.21458333333333332 0.2935185185185185 0.051041666666666666 0.1425925925925926
0 0.31354166666666666 0.21481481481481482 0.05 0.09814814814814815
0 0.3458333333333333 0.19768518518518519 0.04583333333333333 0.09351851851851851
0 0.37421875 0.1912037037037037 0.03802083333333333 0.08611111111111111
5 0.48854166666666665 0.3074074074074074 0.025 0.17037037037037037
5 0.6419270833333334 0.26435185185185184 0.0203125 0.16203703703703703
5 0.7244791666666667 0.1736111111111111 0.020833333333333332 0.09722222222222222
5 0.8083333333333333 0.17685185185185184 0.021875 0.12222222222222222
5 0.8859375 0.14537037037037037 0.017708333333333333 0.11481481481481481
5 0.8559895833333333 0.15833333333333333 0.016145833333333335 0.11481481481481481
5 0.9596354166666666 0.14675925925925926 0.016145833333333335 0.09166666666666666
5 0.9895833333333334 0.14212962962962963 0.010416666666666666 0.09537037037037037
