5 0.8703 0.6984 0.0608 0.2552
2 0.6057291666666667 0.14953703703703702 0.0875 0.08055555555555556
2 0.6575520833333334 0.17824074074074073 0.030729166666666665 0.06759259259259259
2 0.6885416666666667 0.20555555555555555 0.041666666666666664 0.1037037037037037
2 0.8971354166666666 0.26851851851851855 0.0515625 0.07777777777777778
2 0.8794270833333333 0.262037037037037 0.058854166666666666 0.06851851851851852
2 0.8627604166666667 0.27546296296296297 0.030729166666666665 0.06944444444444445
2 0.9723958333333333 0.30694444444444446 0.052083333333333336 0.06759259259259259
1 0.7708333333333334 0.20879629629629629 0.057291666666666664 0.06759259259259259
1 0.7630208333333334 0.3013888888888889 0.121875 0.14907407407407408
5 0.7052083333333333 0.35138888888888886 0.021875 0.12314814814814815
5 0.6674479166666667 0.2935185185185185 0.018229166666666668 0.10740740740740741
5 0.6994791666666667 0.23055555555555557 0.01875 0.09814814814814815
4 0.8190104166666666 0.3800925925925926 0.0390625 0.0824074074074074
4 0.6333333333333333 0.17175925925925925 0.017708333333333333 0.08981481481481482
3 0.6364583333333333 0.12777777777777777 0.07395833333333333 0.07222222222222222
3 0.7713541666666667 0.3675925925925926 0.11979166666666667 0.21481481481481482
3 0.88671875 0.47453703703703703 0.22135416666666666 0.43796296296296294
