1 0.258203125 0.13472222222222222 0.06171875 0.06666666666666667
1 0.304296875 0.13333333333333333 0.04140625 0.05277777777777778
1 0.325 0.12986111111111112 0.04375 0.05138888888888889
1 0.782421875 0.18958333333333333 0.02734375 0.04583333333333333
1 0.809375 0.18888888888888888 0.034375 0.04722222222222222
1 0.85234375 0.20694444444444443 0.0328125 0.044444444444444446
1 0.631640625 0.1840277777777778 0.03828125 0.09027777777777778
0 0.83125 0.2152777777777778 0.0359375 0.05555555555555555
5 0.4984375 0.2916666666666667 0.0109375 0.13333333333333333
5 0.26015625 0.21666666666666667 0.0125 0.08055555555555556
4 0.72578125 0.3590277777777778 0.0390625 0.15694444444444444
3 0.49765625 0.18819444444444444 0.2359375 0.25972222222222224
3 0.762890625 0.15069444444444444 0.08359375 0.06805555555555555
3 0.6734375 0.14583333333333334 0.06875 0.06111111111111111
2 0.279296875 0.17291666666666666 0.10703125 0.09305555555555556
2 0.30546875 0.2013888888888889 0.0828125 0.12777777777777777
2 0.3875 0.15 0.071875 0.075
2 0.54296875 0.26666666666666666 0.1296875 0.15555555555555556
2 0.65625 0.15902777777777777 0.0625 0.059722222222222225
2 0.75703125 0.18680555555555556 0.0703125 0.05416666666666667
2 0.747265625 0.15833333333333333 0.04140625 0.05277777777777778
2 0.82578125 0.20069444444444445 0.040625 0.05138888888888889
2 0.886328125 0.2263888888888889 0.04453125 0.05555555555555555
