5 0.7098 0.5705 0.0436 0.2404
4 0.6338541666666667 0.1986111111111111 0.01875 0.09537037037037037
4 0.5471354166666667 0.15416666666666667 0.024479166666666666 0.08055555555555556
4 0.79921875 0.2949074074074074 0.025520833333333333 0.09166666666666666
3 0.8684895833333334 0.5638888888888889 0.2598958333333333 0.42407407407407405
3 0.9799479166666667 0.9384259259259259 0.03802083333333333 0.11944444444444445
3 0.871875 0.3837962962962963 0.25416666666666665 0.3175925925925926
2 0.61484375 0.1337962962962963 0.044270833333333336 0.06944444444444445
2 0.58125 0.14212962962962963 0.06666666666666667 0.0824074074074074
2 0.61953125 0.19027777777777777 0.09322916666666667 0.09537037037037037
2 0.7661458333333333 0.3819444444444444 0.06666666666666667 0.1527777777777778
2 0.8703125 0.2412037037037037 0.052083333333333336 0.04537037037037037
2 0.8666666666666667 0.26990740740740743 0.03125 0.06388888888888888
2 0.7947916666666667 0.22592592592592592 0.06666666666666667 0.07592592592592592
2 0.7744791666666667 0.24074074074074073 0.057291666666666664 0.08703703703703704
2 0.7330729166666666 0.15601851851851853 0.0484375 0.05462962962962963
1 0.7010416666666667 0.23842592592592593 0.09270833333333334 0.15648148148148147
1 0.8018229166666667 0.2074074074074074 0.059895833333333336 0.08333333333333333
1 0.8705729166666667 0.21296296296296297 0.05260416666666667 0.05555555555555555
5 0.6119791666666666 0.19074074074074074 0.014583333333333334 0.07407407407407407
5 0.68515625 0.2828703703703704 0.016145833333333335 0.08055555555555556
5 0.7169270833333333 0.3560185185185185 0.025520833333333333 0.12685185185185185
