5 0.4820 0.3145 0.0274 0.1746
5 0.6382 0.3395 0.0280 0.1737
5 0.7854 0.2971 0.0224 0.1410
2 0.3198 0.3104 0.1927 0.2849
2 0.6202 0.2726 0.1239 0.2352
2 0.7329 0.2435 0.1312 0.1930
2 0.9691 0.2524 0.0631 0.1956
2 0.5354 0.1890 0.0924 0.1485
2 0.6422 0.1681 0.0910 0.1239
2 0.0196 0.2094 0.0429 0.1126
1 0.8283854166666667 0.10555555555555556 0.0484375 0.0962962962962963
1 0.9830729166666666 0.10740740740740741 0.030729166666666665 0.06481481481481481
0 0.37734375 0.16296296296296298 0.03802083333333333 0.06851851851851852
0 0.2296875 0.2675925925925926 0.06979166666666667 0.09814814814814815
0 0.26536458333333335 0.22175925925925927 0.0359375 0.05462962962962963
0 0.3390625 0.1726851851851852 0.05416666666666667 0.03981481481481482
0 0.14973958333333334 0.22361111111111112 0.0390625 0.0712962962962963
0 0.08776041666666666 0.22777777777777777 0.04114583333333333 0.08518518518518518
0 0.10807291666666667 0.2037037037037037 0.03802083333333333 0.06111111111111111
5 0.78203125 0.17731481481481481 0.013020833333333334 0.13055555555555556
5 0.8067708333333333 0.12916666666666668 0.019791666666666666 0.10462962962962963
5 0.8890625 0.15185185185185185 0.01875 0.10740740740740741
4 0.5455729166666666 0.22592592592592592 0.04010416666666667 0.15555555555555556
4 0.47161458333333334 0.2518518518518518 0.0390625 0.15925925925925927
2 0.9395833333333333 0.14444444444444443 0.096875 0.10925925925925926
2 0.9598958333333333 0.11805555555555555 0.07395833333333333 0.0824074074074074
2 0.8799479166666667 0.10324074074074074 0.05364583333333333 0.12685185185185185
2 0.7526041666666666 0.11157407407407408 0.1 0.12129629629629629
2 0.7138020833333333 0.12361111111111112 0.059895833333333336 0.08055555555555556
2 0.6815104166666667 0.08009259259259259 0.06614583333333333 0.09722222222222222
2 0.6606770833333333 0.1050925925925926 0.08697916666666666 0.10833333333333334
2 0.409375 0.10046296296296296 0.06979166666666667 0.0824074074074074
2 0.43072916666666666 0.07777777777777778 0.05416666666666667 0.06666666666666667
