5 0.8721354166666667 0.7185185185185186 0.05677083333333333 0.23703703703703705
5 0.6755208333333333 0.33287037037037037 0.017708333333333333 0.11944444444444445
5 0.6911458333333333 0.2587962962962963 0.014583333333333334 0.08981481481481482
5 0.6395833333333333 0.2162037037037037 0.009375 0.07314814814814814
5 0.6197916666666666 0.16527777777777777 0.010416666666666666 0.0712962962962963
5 0.6059895833333333 0.19027777777777777 0.011979166666666667 0.07314814814814814
4 0.75 0.4199074074074074 0.052083333333333336 0.17685185185185184
3 0.6182291666666667 0.12268518518518519 0.059375 0.09166666666666666
3 0.44088541666666664 0.17962962962962964 0.13489583333333333 0.2611111111111111
3 0.8916666666666667 0.5814814814814815 0.21354166666666666 0.3814814814814815
3 0.88828125 0.4134259259259259 0.22135416666666666 0.325
3 0.775 0.35509259259259257 0.12395833333333334 0.20277777777777778
3 0.7174479166666666 0.2625 0.06614583333333333 0.1175925925925926
2 0.7278645833333334 0.17685185185185184 0.044270833333333336 0.06481481481481481
1 0.6973958333333333 0.22916666666666666 0.09166666666666666 0.12129629629629629
