5 0.6851 0.3949 0.0363 0.1882
5 0.3725 0.4394 0.0361 0.1947
3 0.49765625 0.07453703703703704 0.0921875 0.14907407407407408
3 0.2911458333333333 0.046296296296296294 0.05520833333333333 0.09259259259259259
3 0.36276041666666664 0.020370370370370372 0.05260416666666667 0.03888888888888889
2 0.40338541666666666 0.2967592592592593 0.14322916666666666 0.3175925925925926
2 0.44583333333333336 0.024537037037037038 0.053125 0.049074074074074076
2 0.2989583333333333 0.10416666666666667 0.14791666666666667 0.15092592592592594
2 0.19114583333333332 0.15231481481481482 0.07916666666666666 0.1287037037037037
2 0.04244791666666667 0.2935185185185185 0.0828125 0.17222222222222222
1 0.6328125 0.06157407407407407 0.051041666666666666 0.12129629629629629
1 0.64140625 0.0875 0.06302083333333333 0.12685185185185185
1 0.6859375 0.12916666666666668 0.058333333333333334 0.12129629629629629
1 0.7091145833333333 0.20879629629629629 0.1015625 0.20277777777777778
1 0.6854166666666667 0.27361111111111114 0.08854166666666667 0.25092592592592594
5 0.48541666666666666 0.10787037037037037 0.016666666666666666 0.10462962962962963
5 0.6401041666666667 0.125 0.034375 0.11296296296296296
5 0.059895833333333336 0.225 0.026041666666666668 0.10925925925925926
4 0.4640625 0.36944444444444446 0.04895833333333333 0.22037037037037038
4 0.6130208333333333 0.2777777777777778 0.023958333333333335 0.17407407407407408
4 0.19895833333333332 0.0787037037037037 0.025 0.04814814814814815
