5 0.8553 0.6726 0.0582 0.2685
2 0.6091145833333333 0.12222222222222222 0.06302083333333333 0.05185185185185185
2 0.6140625 0.14351851851851852 0.075 0.06296296296296296
2 0.5442708333333334 0.10462962962962963 0.030208333333333334 0.037037037037037035
2 0.5453125 0.1375 0.03958333333333333 0.06944444444444445
2 0.7330729166666666 0.15555555555555556 0.0359375 0.04814814814814815
2 0.7265625 0.17824074074074073 0.03854166666666667 0.0712962962962963
2 0.7135416666666666 0.28888888888888886 0.0625 0.09814814814814815
2 0.7841145833333333 0.37222222222222223 0.08177083333333333 0.17222222222222222
2 0.7791666666666667 0.2074074074074074 0.05 0.05740740740740741
2 0.8052083333333333 0.23472222222222222 0.059375 0.08425925925925926
2 0.871875 0.23935185185185184 0.05625 0.05092592592592592
2 0.8911458333333333 0.2671296296296296 0.06770833333333333 0.058333333333333334
2 0.9484375 0.27824074074074073 0.053125 0.06759259259259259
2 0.97734375 0.31203703703703706 0.043229166666666666 0.06481481481481481
1 0.56875 0.19305555555555556 0.057291666666666664 0.11574074074074074
1 0.6911458333333333 0.23148148148148148 0.09270833333333334 0.12222222222222222
1 0.7807291666666667 0.24166666666666667 0.07708333333333334 0.10185185185185185
5 0.6950520833333333 0.37083333333333335 0.0296875 0.14351851851851852
5 0.6697916666666667 0.2986111111111111 0.021875 0.1175925925925926
5 0.6434895833333333 0.2152777777777778 0.013020833333333334 0.08425925925925926
5 0.6375 0.18009259259259258 0.014583333333333334 0.06759259259259259
5 0.61015625 0.18981481481481483 0.015104166666666667 0.08703703703703704
3 0.5005208333333333 0.12916666666666668 0.09270833333333334 0.15648148148148147
3 0.8861979166666667 0.4810185185185185 0.22447916666666667 0.47314814814814815
