1 0.0609 0.6670 0.1256 0.3851
2 0.5234375 0.05092592592592592 0.04479166666666667 0.06481481481481481
2 0.5591145833333333 0.06944444444444445 0.0671875 0.05
2 0.5653645833333333 0.09351851851851851 0.07864583333333333 0.05925925925925926
2 0.66015625 0.08981481481481482 0.06614583333333333 0.06481481481481481
2 0.7109375 0.08009259259259259 0.05416666666666667 0.06759259259259259
2 0.72109375 0.05694444444444444 0.0421875 0.06574074074074074
2 0.8059895833333334 0.13148148148148148 0.0703125 0.10925925925925926
2 0.88828125 0.1050925925925926 0.06197916666666667 0.09166666666666666
2 0.9651041666666667 0.29907407407407405 0.06666666666666667 0.24444444444444444
2 0.8135416666666667 0.29814814814814816 0.16145833333333334 0.26851851851851855
1 0.9143229166666667 0.21851851851851853 0.11510416666666666 0.17037037037037037
1 0.8890625 0.3611111111111111 0.17291666666666666 0.2851851851851852
1 0.9651041666666667 0.1287037037037037 0.06145833333333333 0.1
1 0.98359375 0.09398148148148149 0.0296875 0.06574074074074074
1 0.8809895833333333 0.10185185185185185 0.058854166666666666 0.09444444444444444
1 0.90390625 0.12916666666666668 0.07239583333333334 0.10462962962962963
1 0.7614583333333333 0.12037037037037036 0.046875 0.1037037037037037
0 0.9510416666666667 0.9199074074074074 0.09270833333333334 0.15648148148148147
5 0.721875 0.24768518518518517 0.014583333333333334 0.13796296296296295
5 0.7966145833333333 0.16527777777777777 0.0171875 0.09722222222222222
5 0.9098958333333333 0.13657407407407407 0.022916666666666665 0.0712962962962963
5 0.8901041666666667 0.13194444444444445 0.0125 0.05462962962962963
4 0.74921875 0.1925925925925926 0.0359375 0.16111111111111112
4 0.8330729166666667 0.1412037037037037 0.025520833333333333 0.11574074074074074
3 0.3729166666666667 0.3435185185185185 0.7447916666666666 0.6814814814814815
