5 0.5966 0.4911 0.0420 0.2467
2 0.33567708333333335 0.09259259259259259 0.05260416666666667 0.06111111111111111
2 0.178125 0.13148148148148148 0.0375 0.04814814814814815
2 0.0859375 0.21481481481481482 0.07291666666666667 0.08888888888888889
2 0.12213541666666666 0.25555555555555554 0.06197916666666667 0.1574074074074074
2 0.023697916666666666 0.2611111111111111 0.04635416666666667 0.08518518518518518
1 0.021614583333333333 0.28564814814814815 0.043229166666666666 0.0787037037037037
4 0.7372395833333333 0.3143518518518518 0.03802083333333333 0.20833333333333334
4 0.24192708333333332 0.3907407407407407 0.04635416666666667 0.1962962962962963
3 0.21901041666666668 0.26481481481481484 0.12135416666666667 0.2462962962962963
3 0.2799479166666667 0.20555555555555555 0.08802083333333334 0.23148148148148148
3 0.3854166666666667 0.2851851851851852 0.22291666666666668 0.48148148148148145
3 0.4640625 0.15 0.09166666666666666 0.26296296296296295
3 0.5229166666666667 0.06296296296296296 0.084375 0.12407407407407407
3 0.575 0.058333333333333334 0.04791666666666667 0.08148148148148149
3 0.6533854166666667 0.12731481481481483 0.11510416666666666 0.25277777777777777
3 0.8489583333333334 0.22592592592592592 0.2791666666666667 0.4462962962962963
3 0.5723958333333333 0.29444444444444445 0.16979166666666667 0.48333333333333334
3 0.07578125 0.4615740740740741 0.14947916666666666 0.47314814814814815
2 0.5890625 0.07592592592592592 0.05 0.06296296296296296
