5 0.6013 0.2593 0.0282 0.1415
5 0.3539 0.3428 0.0324 0.1587
5 0.7703 0.3009 0.0296 0.1608
5 0.8870 0.1774 0.0207 0.1037
2 0.3781 0.2806 0.1164 0.2170
2 0.5695 0.2063 0.1101 0.1685
2 0.6382 0.1587 0.0963 0.1240
2 0.6014 0.1101 0.0793 0.0906
2 0.6471 0.0848 0.0733 0.0754
2 0.6775 0.1195 0.0825 0.1022
5 0.8096354166666667 0.16944444444444445 0.021354166666666667 0.11481481481481481
5 0.9541666666666667 0.14305555555555555 0.014583333333333334 0.10277777777777777
5 0.9822916666666667 0.13518518518518519 0.0125 0.08703703703703704
5 0.9895833333333334 0.1439814814814815 0.011458333333333333 0.0824074074074074
4 0.4830729166666667 0.24074074074074073 0.030729166666666665 0.18518518518518517
4 0.5294270833333333 0.2324074074074074 0.0359375 0.17222222222222222
4 0.68203125 0.1398148148148148 0.028645833333333332 0.05740740740740741
4 0.7486979166666666 0.15787037037037038 0.0296875 0.06574074074074074
4 0.9403645833333333 0.13240740740740742 0.0265625 0.10185185185185185
3 0.6919270833333333 0.04537037037037037 0.0734375 0.07222222222222222
3 0.7104166666666667 0.0763888888888889 0.04479166666666667 0.05648148148148148
3 0.9723958333333333 0.056018518518518516 0.052083333333333336 0.08055555555555556
3 0.46380208333333334 0.04537037037037037 0.08072916666666667 0.08518518518518518
2 0.47265625 0.14583333333333334 0.05677083333333333 0.10648148148148148
2 0.44609375 0.1884259259259259 0.08489583333333334 0.16574074074074074
2 0.013541666666666667 0.19768518518518519 0.027083333333333334 0.05462962962962963
2 0.7182291666666667 0.25416666666666665 0.14791666666666667 0.21574074074074073
2 0.7596354166666667 0.08148148148148149 0.04635416666666667 0.05185185185185185
2 0.7859375 0.08333333333333333 0.03125 0.044444444444444446
2 0.82890625 0.08564814814814815 0.06302083333333333 0.06574074074074074
2 0.7677083333333333 0.1388888888888889 0.078125 0.14629629629629629
2 0.8294270833333334 0.1486111111111111 0.1046875 0.13425925925925927
2 0.8890625 0.1037037037037037 0.07083333333333333 0.09814814814814815
2 0.8791666666666667 0.12037037037037036 0.051041666666666666 0.10555555555555556
2 0.9463541666666667 0.10601851851851851 0.08229166666666667 0.10648148148148148
2 0.97734375 0.0962962962962963 0.0421875 0.07777777777777778
1 0.0375 0.1925925925925926 0.041666666666666664 0.07037037037037037
0 0.1578125 0.225 0.04479166666666667 0.1037037037037037
0 0.19479166666666667 0.18796296296296297 0.03854166666666667 0.05740740740740741
0 0.08671875 0.2199074074074074 0.043229166666666666 0.08981481481481482
0 0.23515625 0.25555555555555554 0.05260416666666667 0.1259259259259259
0 0.22864583333333333 0.28425925925925927 0.052083333333333336 0.13518518518518519
0 0.2875 0.2587962962962963 0.04375 0.125
0 0.3216145833333333 0.22685185185185186 0.034895833333333334 0.1
0 0.35494791666666664 0.1736111111111111 0.03177083333333333 0.05462962962962963
2 0.5338541666666666 0.06527777777777778 0.04895833333333333 0.06759259259259259
2 0.6205729166666667 0.031018518518518518 0.030729166666666665 0.06018518518518518
2 0.6427083333333333 0.032407407407407406 0.03229166666666667 0.03333333333333333
