2 0.5908854166666667 0.11296296296296296 0.0609375 0.06666666666666667
2 0.6145833333333334 0.14675925925925926 0.052083333333333336 0.05648148148148148
2 0.6341145833333334 0.19675925925925927 0.0703125 0.08611111111111111
2 0.71328125 0.2689814814814815 0.0609375 0.13055555555555556
2 0.7640625 0.3773148148148148 0.11979166666666667 0.15648148148148147
2 0.9028645833333333 0.36342592592592593 0.11614583333333334 0.13240740740740742
2 0.9739583333333334 0.39305555555555555 0.05 0.13055555555555556
2 0.9528645833333333 0.30694444444444446 0.08072916666666667 0.0712962962962963
2 0.88125 0.2884259259259259 0.08020833333333334 0.11388888888888889
2 0.8723958333333334 0.25 0.059375 0.06851851851851852
2 0.8145833333333333 0.2199074074074074 0.03333333333333333 0.05462962962962963
2 0.7880208333333333 0.20833333333333334 0.059375 0.05
2 0.7278645833333334 0.17407407407407408 0.0453125 0.05925925925925926
1 0.6708333333333333 0.21944444444444444 0.08854166666666667 0.10740740740740741
1 0.7197916666666667 0.25 0.07916666666666666 0.12962962962962962
1 0.9682291666666667 0.3523148148148148 0.06041666666666667 0.11018518518518519
5 0.8549479166666667 0.6814814814814815 0.0546875 0.23333333333333334
5 0.6807291666666667 0.33935185185185185 0.020833333333333332 0.13240740740740742
5 0.65078125 0.2898148148148148 0.016145833333333335 0.12407407407407407
5 0.584375 0.17407407407407408 0.009375 0.07592592592592592
5 0.6328125 0.21064814814814814 0.013541666666666667 0.08055555555555556
3 0.8841145833333334 0.5541666666666667 0.22864583333333333 0.44907407407407407
