5 0.6886 0.4923 0.0371 0.2426
2 0.011979166666666667 0.29398148148148145 0.023958333333333335 0.11944444444444445
2 0.08802083333333334 0.28055555555555556 0.11770833333333333 0.16666666666666666
2 0.11953125 0.4074074074074074 0.1046875 0.2462962962962963
2 0.20651041666666667 0.22175925925925927 0.0921875 0.14166666666666666
2 0.26875 0.21666666666666667 0.10520833333333333 0.1259259259259259
2 0.27786458333333336 0.28194444444444444 0.12239583333333333 0.20092592592592592
2 0.38125 0.17777777777777778 0.11354166666666667 0.13333333333333333
2 0.38255208333333335 0.08287037037037037 0.05260416666666667 0.04351851851851852
2 0.425 0.08703703703703704 0.06770833333333333 0.05925925925925926
2 0.46015625 0.06805555555555555 0.0421875 0.05277777777777778
2 0.48828125 0.058333333333333334 0.04010416666666667 0.053703703703703705
1 0.36484375 0.12268518518518519 0.0484375 0.0787037037037037
1 0.0953125 0.3416666666666667 0.10208333333333333 0.21481481481481482
1 0.029947916666666668 0.44212962962962965 0.058854166666666666 0.23796296296296296
1 0.6317708333333333 0.08472222222222223 0.036458333333333336 0.06759259259259259
1 0.6505208333333333 0.08796296296296297 0.04479166666666667 0.07777777777777778
0 0.41848958333333336 0.0912037037037037 0.043229166666666666 0.04537037037037037
0 0.49244791666666665 0.08657407407407407 0.03802083333333333 0.05462962962962963
5 0.050520833333333334 0.5194444444444445 0.04895833333333333 0.18333333333333332
4 0.75078125 0.2916666666666667 0.0421875 0.19444444444444445
4 0.26067708333333334 0.33425925925925926 0.03802083333333333 0.20925925925925926
3 0.559375 0.06388888888888888 0.11666666666666667 0.1259259259259259
3 0.5809895833333333 0.3490740740740741 0.1640625 0.48703703703703705
3 0.3109375 0.10462962962962963 0.06666666666666667 0.09814814814814815
