2 0.233203125 0.12777777777777777 0.03359375 0.05
2 0.2890625 0.20694444444444443 0.11875 0.14722222222222223
2 0.376953125 0.14097222222222222 0.05078125 0.0763888888888889
1 0.227734375 0.19652777777777777 0.04296875 0.12638888888888888
1 0.28125 0.1597222222222222 0.0671875 0.08055555555555556
1 0.800390625 0.23194444444444445 0.05078125 0.11388888888888889
5 0.55390625 0.2923611111111111 0.028125 0.11805555555555555
4 0.66015625 0.28888888888888886 0.0328125 0.1527777777777778
3 0.477734375 0.18055555555555555 0.24609375 0.26666666666666666
3 0.30078125 0.13402777777777777 0.1015625 0.07916666666666666
3 0.64765625 0.15347222222222223 0.05625 0.1125
3 0.698828125 0.17916666666666667 0.11328125 0.1361111111111111
3 0.698046875 0.225 0.13359375 0.14166666666666666
3 0.73515625 0.2972222222222222 0.1546875 0.25
3 0.85234375 0.2263888888888889 0.09375 0.18055555555555555
