5 0.6174 0.3549 0.0375 0.2097
2 0.57109375 0.06759259259259259 0.0578125 0.06111111111111111
2 0.00625 0.29953703703703705 0.011458333333333333 0.09166666666666666
2 0.07552083333333333 0.5199074074074074 0.15 0.3638888888888889
4 0.7348958333333333 0.32222222222222224 0.04479166666666667 0.2111111111111111
3 0.07552083333333333 0.2662037037037037 0.14166666666666666 0.2175925925925926
3 0.22421875 0.22870370370370371 0.13489583333333333 0.23333333333333334
3 0.37005208333333334 0.3611111111111111 0.37864583333333335 0.7203703703703703
3 0.6466145833333333 0.11990740740740741 0.11927083333333334 0.23981481481481481
3 0.8502604166666666 0.2967592592592593 0.29635416666666664 0.5935185185185186
