2 0.43333333333333335 0.1162037037037037 0.05520833333333333 0.08796296296296297
2 0.4817708333333333 0.05740740740740741 0.034375 0.05740740740740741
2 0.45260416666666664 0.04537037037037037 0.027083333333333334 0.05
2 0.4830729166666667 0.14583333333333334 0.0484375 0.14166666666666666
2 0.45234375 0.18796296296296297 0.08697916666666666 0.1648148148148148
2 0.39114583333333336 0.27175925925925926 0.14791666666666667 0.2712962962962963
2 0.17604166666666668 0.18333333333333332 0.1125 0.14444444444444443
2 0.5828125 0.12222222222222222 0.06979166666666667 0.12222222222222222
2 0.6184895833333334 0.07268518518518519 0.0421875 0.06574074074074074
2 0.5934895833333333 0.14212962962962963 0.06614583333333333 0.12129629629629629
2 0.6276041666666666 0.2689814814814815 0.15 0.2657407407407407
2 0.7966145833333333 0.13333333333333333 0.09947916666666666 0.13148148148148148
2 0.8208333333333333 0.1 0.05 0.07592592592592592
0 0.9528645833333333 0.9365740740740741 0.08802083333333334 0.11944444444444445
0 0.21588541666666666 0.2902777777777778 0.058854166666666666 0.14351851851851852
0 0.24765625 0.27175925925925926 0.0515625 0.13796296296296295
0 0.27838541666666666 0.2675925925925926 0.059895833333333336 0.14074074074074075
0 0.3255208333333333 0.2162037037037037 0.052083333333333336 0.12129629629629629
5 0.37526041666666665 0.34074074074074073 0.04114583333333333 0.17037037037037037
5 0.6544270833333333 0.337037037037037 0.0296875 0.1814814814814815
5 0.8520833333333333 0.1527777777777778 0.023958333333333335 0.11296296296296296
5 0.9106770833333333 0.12222222222222222 0.011979166666666667 0.0962962962962963
4 0.9244791666666666 0.1162037037037037 0.0125 0.09537037037037037
4 0.9153645833333334 0.11435185185185186 0.013020833333333334 0.09166666666666666
4 0.7236979166666667 0.18935185185185185 0.0296875 0.15092592592592594
4 0.465625 0.2337962962962963 0.03854166666666667 0.16944444444444445
3 0.6 0.05416666666666667 0.05416666666666667 0.08425925925925926
3 0.6578125 0.04351851851851852 0.08125 0.07592592592592592
3 0.7122395833333334 0.08287037037037037 0.0703125 0.14166666666666666
3 0.6619791666666667 0.15601851851851853 0.12395833333333334 0.25092592592592594
3 0.8721354166666667 0.10833333333333334 0.09114583333333333 0.10740740740740741
