2 0.8927083333333333 0.45925925925925926 0.08958333333333333 0.17222222222222222
2 0.8325520833333333 0.36666666666666664 0.07447916666666667 0.14444444444444443
2 0.7359375 0.22037037037037038 0.07604166666666666 0.13518518518518519
2 0.6833333333333333 0.1574074074074074 0.08020833333333334 0.13518518518518519
2 0.9494791666666667 0.8578703703703704 0.09895833333333333 0.28055555555555556
1 0.3731770833333333 0.45787037037037037 0.3026041666666667 0.5972222222222222
1 0.22109375 0.19537037037037036 0.20260416666666667 0.3907407407407407
5 0.3802083333333333 0.06435185185185185 0.03854166666666667 0.1287037037037037
5 0.16796875 0.01990740740740741 0.028645833333333332 0.03425925925925926
4 0.8705729166666667 0.7083333333333334 0.10260416666666666 0.2
4 0.90703125 0.41203703703703703 0.024479166666666666 0.05185185185185185
4 0.7955729166666666 0.32175925925925924 0.044270833333333336 0.11574074074074074
3 0.6223958333333334 0.23148148148148148 0.18541666666666667 0.3574074074074074
1 0.9252604166666667 0.6032407407407407 0.10052083333333334 0.2064814814814815
