1 0.8888 0.1655 0.0565 0.1103
0 0.9338541666666667 0.26435185185185184 0.05416666666666667 0.1398148148148148
0 0.7518229166666667 0.12268518518518519 0.03802083333333333 0.06018518518518518
0 0.7330729166666666 0.1449074074074074 0.050520833333333334 0.09166666666666666
0 0.6911458333333333 0.15601851851851853 0.05416666666666667 0.08055555555555556
0 0.684375 0.11851851851851852 0.025 0.07037037037037037
0 0.6614583333333334 0.13564814814814816 0.026041666666666668 0.0824074074074074
0 0.6002604166666666 0.1726851851851852 0.0453125 0.10833333333333334
0 0.054427083333333334 0.5541666666666667 0.050520833333333334 0.175
3 0.90625 0.09444444444444444 0.09270833333333334 0.14814814814814814
3 0.56484375 0.09537037037037037 0.1203125 0.19074074074074074
2 0.08880208333333334 0.3333333333333333 0.0328125 0.09814814814814815
1 0.5489583333333333 0.2273148148148148 0.08645833333333333 0.1527777777777778
