2 0.5385416666666667 0.1398148148148148 0.06145833333333333 0.09074074074074075
2 0.6177083333333333 0.1476851851851852 0.06770833333333333 0.07685185185185185
2 0.7325520833333333 0.14907407407407408 0.0421875 0.04814814814814815
2 0.6596354166666667 0.17916666666666667 0.04114583333333333 0.0824074074074074
2 0.6890625 0.2162037037037037 0.029166666666666667 0.09166666666666666
2 0.728125 0.1935185185185185 0.041666666666666664 0.06296296296296296
2 0.7924479166666667 0.19907407407407407 0.05572916666666667 0.05740740740740741
2 0.8015625 0.22083333333333333 0.059375 0.0787037037037037
2 0.86875 0.24027777777777778 0.05625 0.062037037037037036
2 0.89453125 0.2708333333333333 0.06197916666666667 0.0787037037037037
2 0.8651041666666667 0.2796296296296296 0.04479166666666667 0.08333333333333333
2 0.9447916666666667 0.29212962962962963 0.06041666666666667 0.05648148148148148
2 0.96640625 0.31342592592592594 0.06510416666666667 0.06759259259259259
2 0.7955729166666666 0.38981481481481484 0.0578125 0.13703703703703704
2 0.7963541666666667 0.2796296296296296 0.07083333333333333 0.11851851851851852
1 0.7197916666666667 0.22962962962962963 0.05416666666666667 0.1
1 0.73359375 0.30787037037037035 0.1234375 0.14907407407407408
1 0.8052083333333333 0.31203703703703706 0.05520833333333333 0.11296296296296296
5 0.85859375 0.6796296296296296 0.05364583333333333 0.22407407407407406
5 0.765625 0.33611111111111114 0.023958333333333335 0.1037037037037037
5 0.6643229166666667 0.29907407407407405 0.025520833333333333 0.13148148148148148
5 0.6184895833333334 0.20925925925925926 0.0203125 0.08703703703703704
5 0.6119791666666666 0.17777777777777778 0.014583333333333334 0.08518518518518518
4 0.5809895833333333 0.13148148148148148 0.0203125 0.06481481481481481
3 0.55546875 0.11064814814814815 0.0984375 0.11944444444444445
3 0.8934895833333333 0.4842592592592593 0.20989583333333334 0.4
