5 0.3878 0.3191 0.0326 0.1587
5 0.8064 0.2565 0.0286 0.1468
5 0.5909 0.2557 0.0212 0.1180
5 0.7841145833333333 0.18518518518518517 0.027604166666666666 0.12407407407407407
5 0.8354166666666667 0.1476851851851852 0.025 0.09722222222222222
5 0.9794270833333333 0.09768518518518518 0.016145833333333335 0.07685185185185185
5 0.9825520833333333 0.12638888888888888 0.0140625 0.08055555555555556
5 0.9919270833333333 0.16064814814814815 0.0109375 0.09722222222222222
4 0.44583333333333336 0.2569444444444444 0.03125 0.17685185185185184
4 0.56875 0.2199074074074074 0.03958333333333333 0.1638888888888889
4 0.7510416666666667 0.17546296296296296 0.034375 0.09351851851851851
2 0.4393229166666667 0.09212962962962963 0.05677083333333333 0.075
2 0.453125 0.09861111111111111 0.04791666666666667 0.0787037037037037
2 0.47942708333333334 0.10601851851851851 0.05364583333333333 0.10648148148148148
2 0.4890625 0.13796296296296295 0.03854166666666667 0.10555555555555556
2 0.45546875 0.17175925925925925 0.0546875 0.10648148148148148
2 0.39817708333333335 0.262037037037037 0.1234375 0.2388888888888889
2 0.56171875 0.20324074074074075 0.1109375 0.16944444444444445
2 0.62890625 0.16527777777777777 0.09947916666666666 0.14166666666666666
2 0.7104166666666667 0.2324074074074074 0.14583333333333334 0.18888888888888888
2 0.7041666666666667 0.1300925925925926 0.07604166666666666 0.08981481481481482
2 0.71015625 0.07361111111111111 0.058854166666666666 0.0712962962962963
2 0.7653645833333333 0.07268518518518519 0.0609375 0.03981481481481482
2 0.7911458333333333 0.1375 0.0875 0.1175925925925926
2 0.8872395833333333 0.21064814814814814 0.14739583333333334 0.15833333333333333
2 0.8796875 0.08888888888888889 0.06979166666666667 0.07222222222222222
2 0.8611979166666667 0.11388888888888889 0.059895833333333336 0.07962962962962963
2 0.9338541666666667 0.13842592592592592 0.121875 0.1175925925925926
2 0.9424479166666667 0.08518518518518518 0.0453125 0.03888888888888889
2 0.978125 0.09444444444444444 0.040625 0.07037037037037037
1 0.9127604166666666 0.3449074074074074 0.13385416666666666 0.2657407407407407
0 0.15963541666666667 0.23703703703703705 0.03802083333333333 0.12037037037037036
0 0.19479166666666667 0.19768518518518519 0.03854166666666667 0.08425925925925926
0 0.23723958333333334 0.2449074074074074 0.05260416666666667 0.1398148148148148
0 0.23072916666666668 0.28055555555555556 0.05 0.15555555555555556
0 0.2864583333333333 0.2638888888888889 0.042708333333333334 0.1388888888888889
0 0.3221354166666667 0.23703703703703705 0.050520833333333334 0.12407407407407407
0 0.35963541666666665 0.21851851851851853 0.0421875 0.1
0 0.36432291666666666 0.1685185185185185 0.028645833333333332 0.07777777777777778
