2 0.234765625 0.12291666666666666 0.03515625 0.07361111111111111
2 0.2625 0.12638888888888888 0.0453125 0.044444444444444446
2 0.3359375 0.21319444444444444 0.0359375 0.13472222222222222
1 0.286328125 0.18680555555555556 0.09609375 0.11527777777777778
5 0.281640625 0.22152777777777777 0.01796875 0.09861111111111111
5 0.470703125 0.29930555555555555 0.01953125 0.1375
4 0.33671875 0.21944444444444444 0.0203125 0.13055555555555556
3 0.309375 0.11875 0.078125 0.07083333333333333
3 0.47421875 0.18680555555555556 0.234375 0.24583333333333332
3 0.53203125 0.23680555555555555 0.14375 0.1875
3 0.634375 0.17777777777777778 0.05625 0.1111111111111111
3 0.65625 0.2013888888888889 0.0953125 0.15
3 0.717578125 0.2902777777777778 0.23046875 0.3333333333333333
3 0.818359375 0.24583333333333332 0.08515625 0.24444444444444444
3 0.732421875 0.12708333333333333 0.10390625 0.09027777777777778
2 0.660546875 0.1361111111111111 0.06015625 0.06111111111111111
2 0.9 0.2513888888888889 0.046875 0.09722222222222222
