1 0.42890625 0.03981481481481482 0.0328125 0.06851851851851852
1 0.8494791666666667 0.6472222222222223 0.19479166666666667 0.5666666666666667
0 0.31015625 0.31342592592592594 0.0796875 0.17685185185185184
0 0.959375 0.3384259259259259 0.078125 0.09537037037037037
0 0.9596354166666666 0.3597222222222222 0.07864583333333333 0.09166666666666666
0 0.95390625 0.39351851851851855 0.0890625 0.12037037037037036
0 0.9447916666666667 0.43425925925925923 0.10729166666666666 0.1388888888888889
0 0.9518229166666666 0.4787037037037037 0.09010416666666667 0.13703703703703704
5 0.6158854166666666 0.07222222222222222 0.009895833333333333 0.08333333333333333
5 0.2520833333333333 0.21574074074074073 0.017708333333333333 0.1111111111111111
5 0.19114583333333332 0.2074074074074074 0.013541666666666667 0.08333333333333333
5 0.159375 0.15416666666666667 0.009375 0.07685185185185185
3 0.47421875 0.06111111111111111 0.0734375 0.1111111111111111
3 0.26666666666666666 0.06527777777777778 0.04375 0.10277777777777777
3 0.12369791666666667 0.11342592592592593 0.0671875 0.14351851851851852
3 0.09869791666666666 0.12407407407407407 0.03177083333333333 0.1111111111111111
3 0.06770833333333333 0.14814814814814814 0.07916666666666666 0.15925925925925927
2 0.403125 0.15787037037037038 0.08645833333333333 0.14351851851851852
2 0.39765625 0.04814814814814815 0.028645833333333332 0.06111111111111111
2 0.19453125 0.18425925925925926 0.0796875 0.14629629629629629
2 0.04635416666666667 0.28425925925925927 0.09270833333333334 0.18703703703703703
2 0.21223958333333334 0.39814814814814814 0.15989583333333332 0.29074074074074074
2 0.07109375 0.5212962962962963 0.14010416666666667 0.3648148148148148
2 0.06458333333333334 0.8578703703703704 0.125 0.27685185185185185
2 0.91953125 0.2740740740740741 0.1578125 0.21666666666666667
