2 0.2359375 0.14027777777777778 0.040625 0.08888888888888889
2 0.272265625 0.12430555555555556 0.06015625 0.059722222222222225
2 0.324609375 0.11319444444444444 0.04296875 0.043055555555555555
2 0.792578125 0.20555555555555555 0.05703125 0.06666666666666667
5 0.55234375 0.2923611111111111 0.0203125 0.13194444444444445
4 0.337890625 0.2111111111111111 0.02265625 0.1388888888888889
3 0.296875 0.18333333333333332 0.115625 0.2
3 0.4515625 0.19375 0.2140625 0.2625
3 0.578125 0.1909722222222222 0.0734375 0.1986111111111111
3 0.73203125 0.19444444444444445 0.1078125 0.17777777777777778
3 0.8734375 0.2263888888888889 0.115625 0.21666666666666667
