2 0.8832 0.4873 0.1930 0.4150
5 0.17682291666666666 0.18333333333333332 0.0140625 0.07037037037037037
5 0.13854166666666667 0.19907407407407407 0.0125 0.1
5 0.14947916666666666 0.2587962962962963 0.019791666666666666 0.10648148148148148
2 0.4278645833333333 0.03518518518518519 0.0296875 0.06481481481481481
2 0.4674479166666667 0.03657407407407407 0.024479166666666666 0.049074074074074076
2 0.47552083333333334 0.07037037037037037 0.06458333333333334 0.0962962962962963
2 0.40572916666666664 0.0875 0.059375 0.10833333333333334
2 0.28515625 0.12453703703703704 0.06510416666666667 0.10092592592592593
2 0.26848958333333334 0.07916666666666666 0.03697916666666667 0.06574074074074074
2 0.21276041666666667 0.09027777777777778 0.025520833333333333 0.06944444444444445
2 0.10885416666666667 0.22361111111111112 0.071875 0.14537037037037037
2 0.18333333333333332 0.175 0.08854166666666667 0.1388888888888889
2 0.23463541666666668 0.22592592592592592 0.16614583333333333 0.18518518518518517
2 0.23619791666666667 0.34629629629629627 0.15572916666666667 0.3111111111111111
1 0.39296875 0.0375 0.028645833333333332 0.04722222222222222
0 0.9622395833333334 0.31203703703703706 0.0734375 0.10555555555555556
0 0.9721354166666667 0.4115740740740741 0.05364583333333333 0.14166666666666666
