0 0.35130208333333335 0.30277777777777776 0.0640625 0.18518518518518517
0 0.5018229166666667 0.2490740740740741 0.058854166666666666 0.1574074074074074
0 0.9684895833333333 0.4152777777777778 0.0609375 0.17685185185185184
5 0.13984375 0.15416666666666667 0.013020833333333334 0.06759259259259259
5 0.134375 0.2601851851851852 0.015625 0.0962962962962963
3 0.057291666666666664 0.12638888888888888 0.09791666666666667 0.1175925925925926
3 0.115625 0.1037037037037037 0.075 0.15
3 0.17760416666666667 0.11898148148148148 0.09583333333333334 0.23796296296296296
3 0.24427083333333333 0.1425925925925926 0.159375 0.2833333333333333
2 0.49375 0.0712962962962963 0.028125 0.08518518518518518
2 0.9127604166666666 0.24444444444444444 0.09010416666666667 0.16111111111111112
2 0.8752604166666667 0.5013888888888889 0.17760416666666667 0.4398148148148148
2 0.23567708333333334 0.3472222222222222 0.16197916666666667 0.3055555555555556
2 0.0765625 0.4787037037037037 0.13333333333333333 0.3333333333333333
1 0.83828125 0.24027777777777778 0.10052083333333334 0.1824074074074074
