5 0.4655 0.2984 0.0293 0.1789
5 0.6168 0.4185 0.0312 0.1980
2 0.4466 0.1892 0.1054 0.2187
2 0.0477 0.2530 0.0944 0.1570
2 0.1729 0.1437 0.0871 0.1349
5 0.6283854166666667 0.07916666666666666 0.018229166666666668 0.08796296296296297
5 0.4861979166666667 0.12268518518518519 0.0109375 0.09537037037037037
5 0.23411458333333332 0.11388888888888889 0.021354166666666667 0.07962962962962963
3 0.5015625 0.0824074074074074 0.07291666666666667 0.16296296296296298
3 0.3924479166666667 0.0375 0.11510416666666666 0.075
3 0.2955729166666667 0.05277777777777778 0.06927083333333334 0.10555555555555556
2 0.45026041666666666 0.014351851851851852 0.0421875 0.028703703703703703
2 0.38567708333333334 0.08055555555555556 0.09427083333333333 0.13703703703703704
