2 0.15234375 0.20555555555555555 0.1203125 0.10925925925925926
2 0.10833333333333334 0.33425925925925926 0.10729166666666666 0.1962962962962963
2 0.021875 0.21898148148148147 0.042708333333333334 0.06759259259259259
2 0.030729166666666665 0.18425925925925926 0.025 0.05
2 0.4140625 0.09537037037037037 0.042708333333333334 0.07962962962962963
2 0.43125 0.07916666666666666 0.04479166666666667 0.0824074074074074
2 0.47369791666666666 0.04537037037037037 0.050520833333333334 0.06666666666666667
2 0.4869791666666667 0.06805555555555555 0.023958333333333335 0.05648148148148148
2 0.5307291666666667 0.047685185185185185 0.034375 0.041666666666666664
2 0.47890625 0.1527777777777778 0.04739583333333333 0.10925925925925926
2 0.4361979166666667 0.2152777777777778 0.0953125 0.17314814814814813
2 0.3815104166666667 0.2791666666666667 0.1421875 0.23055555555555557
2 0.5497395833333333 0.10601851851851851 0.06302083333333333 0.08981481481481482
2 0.5572916666666666 0.20879629629629629 0.09791666666666667 0.18611111111111112
2 0.62421875 0.2652777777777778 0.1296875 0.23425925925925925
2 0.6041666666666666 0.07731481481481481 0.04895833333333333 0.05648148148148148
2 0.6114583333333333 0.12777777777777777 0.0875 0.1111111111111111
2 0.6802083333333333 0.18055555555555555 0.115625 0.18518518518518517
2 0.7005208333333334 0.11990740740740741 0.04375 0.08055555555555556
2 0.6421875 0.06712962962962964 0.052083333333333336 0.05462962962962963
2 0.66171875 0.10185185185185185 0.0671875 0.08518518518518518
2 0.7106770833333333 0.07685185185185185 0.03802083333333333 0.06481481481481481
2 0.7549479166666667 0.08796296296296297 0.03697916666666667 0.06481481481481481
2 0.81328125 0.11388888888888889 0.1109375 0.09074074074074075
2 0.8424479166666666 0.19027777777777777 0.12864583333333332 0.15648148148148147
2 0.84765625 0.11712962962962963 0.0859375 0.11574074074074074
2 0.9078125 0.11712962962962963 0.08854166666666667 0.125
1 0.965625 0.11898148148148148 0.0625 0.10277777777777777
1 0.984375 0.09259259259259259 0.028125 0.07407407407407407
1 0.5942708333333333 0.04675925925925926 0.03958333333333333 0.04351851851851852
0 0.21848958333333332 0.2962962962962963 0.05364583333333333 0.13703703703703704
0 0.2903645833333333 0.2162037037037037 0.025520833333333333 0.07314814814814814
0 0.309375 0.24768518518518517 0.041666666666666664 0.10277777777777777
0 0.32864583333333336 0.2101851851851852 0.034375 0.07407407407407407
0 0.33880208333333334 0.1814814814814815 0.04010416666666667 0.05555555555555555
0 0.3729166666666667 0.1685185185185185 0.040625 0.05740740740740741
5 0.45651041666666664 0.29907407407407405 0.0296875 0.1574074074074074
5 0.5401041666666667 0.2574074074074074 0.020833333333333332 0.15185185185185185
5 0.7114583333333333 0.22083333333333333 0.021875 0.1527777777777778
5 0.9 0.2337962962962963 0.026041666666666668 0.14351851851851852
5 0.8971354166666666 0.13703703703703704 0.022395833333333334 0.10185185185185185
5 0.9869791666666666 0.14953703703703702 0.015625 0.09351851851851851
5 0.9919270833333333 0.16064814814814815 0.0140625 0.10277777777777777
4 0.7333333333333333 0.20972222222222223 0.027083333333333334 0.15648148148148147
4 0.78125 0.18194444444444444 0.020833333333333332 0.16574074074074074
4 0.4591145833333333 0.23935185185185184 0.0390625 0.1675925925925926
4 0.5997395833333333 0.862037037037037 0.1296875 0.2722222222222222
0 0.8799479166666667 0.9078703703703703 0.2296875 0.17685185185185184
