5 0.7536 0.2573 0.0285 0.1449
5 0.3495 0.2976 0.0263 0.0847
5 0.5583 0.2121 0.0282 0.1446
2 0.6992 0.2133 0.1313 0.1757
2 0.3798 0.4258 0.2955 0.2695
2 0.6360 0.1579 0.0860 0.1290
2 0.3815 0.2711 0.1338 0.1860
2 0.6183 0.0967 0.0622 0.0842
2 0.4423 0.1859 0.0923 0.1427
2 0.4741 0.1464 0.0783 0.1243
1 0.3571 0.6416 0.2927 0.4588
2 0.7005208333333334 0.03657407407407407 0.036458333333333336 0.03796296296296296
2 0.66328125 0.10648148148148148 0.06302083333333333 0.07592592592592592
2 0.69921875 0.08564814814814815 0.0703125 0.0824074074074074
2 0.70546875 0.11898148148148148 0.07135416666666666 0.10277777777777777
2 0.7661458333333333 0.07268518518518519 0.03854166666666667 0.03981481481481482
2 0.76015625 0.1 0.03802083333333333 0.05925925925925926
2 0.78203125 0.08101851851851852 0.034895833333333334 0.04351851851851852
2 0.8252604166666667 0.08981481481481482 0.06197916666666667 0.06111111111111111
2 0.8119791666666667 0.14351851851851852 0.10520833333333333 0.12777777777777777
2 0.8971354166666666 0.11712962962962963 0.08385416666666666 0.11203703703703703
2 0.9028645833333333 0.075 0.0484375 0.03518518518518519
2 0.9846354166666667 0.10092592592592593 0.028645833333333332 0.07407407407407407
1 0.94765625 0.11805555555555555 0.06302083333333333 0.10833333333333334
0 0.16536458333333334 0.24027777777777778 0.05260416666666667 0.12129629629629629
0 0.2828125 0.24027777777777778 0.065625 0.11388888888888889
0 0.29140625 0.2222222222222222 0.03802083333333333 0.08518518518518518
0 0.3171875 0.22268518518518518 0.05520833333333333 0.10462962962962963
0 0.3338541666666667 0.19490740740740742 0.046875 0.0787037037037037
5 0.7919270833333333 0.13055555555555556 0.015104166666666667 0.046296296296296294
5 0.8544270833333333 0.16620370370370371 0.013020833333333334 0.11388888888888889
5 0.9627604166666667 0.15185185185185185 0.0171875 0.09444444444444444
5 0.9890625 0.1388888888888889 0.0125 0.09814814814814815
4 0.7875 0.24814814814814815 0.034375 0.1814814814814815
4 0.46015625 0.26064814814814813 0.03697916666666667 0.15462962962962962
1 0.6401041666666667 0.046296296296296294 0.027083333333333334 0.06111111111111111
