2 0.8844 0.4903 0.1939 0.4048
2 0.2379 0.3330 0.1519 0.2801
2 0.0743 0.4760 0.1391 0.3115
2 0.8817 0.2281 0.1422 0.1487
0 0.3549 0.2963 0.0805 0.2000
3 0.0515625 0.14027777777777778 0.071875 0.13055555555555556
2 0.20807291666666666 0.09074074074074075 0.033854166666666664 0.05925925925925926
2 0.29765625 0.1574074074074074 0.0390625 0.11296296296296296
0 0.5018229166666667 0.25833333333333336 0.0671875 0.15925925925925927
0 0.9674479166666666 0.31574074074074077 0.06197916666666667 0.08888888888888889
0 0.9708333333333333 0.35555555555555557 0.05520833333333333 0.08703703703703704
0 0.9705729166666667 0.41203703703703703 0.05572916666666667 0.13518518518518519
5 0.21302083333333333 0.1935185185185185 0.017708333333333333 0.06296296296296296
5 0.46171875 0.0587962962962963 0.013020833333333334 0.06759259259259259
5 0.15859375 0.17916666666666667 0.0109375 0.08796296296296297
5 0.13958333333333334 0.15787037037037038 0.009375 0.0824074074074074
