5 0.5071 0.4931 0.0301 0.1992
5 0.6176 0.4196 0.0296 0.2071
2 0.4518 0.0049 0.0649 0.0109
1 0.7075520833333333 0.23796296296296296 0.10364583333333334 0.17777777777777778
1 0.7033854166666667 0.38657407407407407 0.10989583333333333 0.30092592592592593
5 0.6184895833333334 0.07546296296296297 0.016145833333333335 0.08981481481481482
5 0.057291666666666664 0.2162037037037037 0.019791666666666666 0.09537037037037037
5 0.24609375 0.08518518518518518 0.015104166666666667 0.04814814814814815
3 0.38984375 0.36157407407407405 0.22447916666666667 0.4638888888888889
3 0.465625 0.15833333333333333 0.14166666666666666 0.2462962962962963
3 0.309375 0.052314814814814814 0.08854166666666667 0.10462962962962963
3 0.3653645833333333 0.022685185185185187 0.06302083333333333 0.03981481481481482
2 0.49322916666666666 0.06018518518518518 0.06458333333333334 0.07592592592592592
2 0.21380208333333334 0.14953703703703702 0.12135416666666667 0.15092592592592594
