4 0.646875 0.28680555555555554 0.0390625 0.12638888888888888
3 0.858984375 0.22847222222222222 0.10390625 0.1625
2 0.2359375 0.12291666666666666 0.0296875 0.05416666666666667
2 0.30625 0.1125 0.0484375 0.05
2 0.331640625 0.10833333333333334 0.03671875 0.03888888888888889
2 0.375390625 0.13541666666666666 0.04921875 0.0625
2 0.430859375 0.16458333333333333 0.08828125 0.08194444444444444
2 0.48515625 0.14722222222222223 0.0453125 0.06944444444444445
2 0.523828125 0.13055555555555556 0.03671875 0.03888888888888889
2 0.56484375 0.18472222222222223 0.0875 0.07777777777777778
2 0.629296875 0.16666666666666666 0.03359375 0.06666666666666667
2 0.587109375 0.1423611111111111 0.03984375 0.05416666666666667
2 0.6828125 0.15555555555555556 0.040625 0.044444444444444446
2 0.71015625 0.17777777777777778 0.059375 0.06111111111111111
2 0.806640625 0.19444444444444445 0.05234375 0.03888888888888889
2 0.817578125 0.22291666666666668 0.05546875 0.06805555555555555
1 0.777734375 0.17430555555555555 0.03671875 0.04861111111111111
1 0.65625 0.13194444444444445 0.040625 0.03333333333333333
1 0.468359375 0.15763888888888888 0.05703125 0.07916666666666666
1 0.505859375 0.16527777777777777 0.04296875 0.07777777777777778
1 0.540625 0.15625 0.0421875 0.05694444444444444
1 0.323828125 0.15416666666666667 0.04609375 0.08333333333333333
1 0.267578125 0.15763888888888888 0.05859375 0.08472222222222223
1 0.23125 0.15625 0.0296875 0.06805555555555555
1 0.388671875 0.15347222222222223 0.05234375 0.07361111111111111
0 0.74453125 0.1798611111111111 0.0375 0.05138888888888889
5 0.53515625 0.2902777777777778 0.0265625 0.13333333333333333
