5 0.3544 0.3038 0.0276 0.1500
5 0.7729 0.2649 0.0283 0.1415
5 0.5595 0.2165 0.0247 0.1340
2 0.46822916666666664 0.09768518518518518 0.042708333333333334 0.06388888888888888
2 0.49166666666666664 0.0837962962962963 0.028125 0.04351851851851852
2 0.4825520833333333 0.1388888888888889 0.04739583333333333 0.10185185185185185
2 0.4546875 0.17407407407407408 0.084375 0.16296296296296298
2 0.39791666666666664 0.23657407407407408 0.12916666666666668 0.20277777777777778
2 0.2359375 0.4203703703703704 0.24791666666666667 0.29814814814814816
2 0.584375 0.09212962962962963 0.04791666666666667 0.062037037037037036
2 0.5895833333333333 0.13240740740740742 0.06979166666666667 0.12407407407407407
2 0.6348958333333333 0.17592592592592593 0.084375 0.15
2 0.7208333333333333 0.21064814814814814 0.13541666666666666 0.21203703703703702
2 0.6643229166666667 0.10555555555555556 0.07135416666666666 0.07407407407407407
2 0.7138020833333333 0.10555555555555556 0.059895833333333336 0.07407407407407407
2 0.7182291666666667 0.06388888888888888 0.036458333333333336 0.06111111111111111
2 0.69375 0.03981481481481482 0.041666666666666664 0.04259259259259259
2 0.6278645833333333 0.03981481481481482 0.03802083333333333 0.03888888888888889
2 0.6510416666666666 0.03888888888888889 0.027083333333333334 0.053703703703703705
2 0.590625 0.031018518518518518 0.03958333333333333 0.03981481481481482
2 0.7684895833333333 0.09768518518518518 0.043229166666666666 0.07685185185185185
2 0.7645833333333333 0.1449074074074074 0.052083333333333336 0.10462962962962963
2 0.8184895833333333 0.13657407407407407 0.10989583333333333 0.15462962962962962
2 0.8299479166666667 0.08888888888888889 0.049479166666666664 0.06851851851851852
2 0.9122395833333333 0.12222222222222222 0.1109375 0.1259259259259259
2 0.9481770833333333 0.1 0.050520833333333334 0.08888888888888889
2 0.9760416666666667 0.10324074074074074 0.041666666666666664 0.0787037037037037
2 0.9541666666666667 0.28055555555555556 0.08645833333333333 0.22407407407407406
0 0.15182291666666667 0.23055555555555557 0.03177083333333333 0.10740740740740741
0 0.28359375 0.23796296296296296 0.059895833333333336 0.11666666666666667
0 0.29192708333333334 0.2064814814814815 0.025520833333333333 0.06851851851851852
0 0.31197916666666664 0.21481481481481482 0.042708333333333334 0.1111111111111111
0 0.33515625 0.18703703703703703 0.0421875 0.07222222222222222
5 0.80546875 0.1712962962962963 0.016145833333333335 0.1111111111111111
5 0.8778645833333333 0.15462962962962962 0.0140625 0.12407407407407407
5 0.86328125 0.16805555555555557 0.016145833333333335 0.14351851851851852
5 0.9877604166666667 0.1425925925925926 0.0140625 0.1
4 0.44635416666666666 0.2611111111111111 0.046875 0.1814814814814815
