5 0.7540 0.4699 0.0441 0.2374
2 0.6035 0.0475 0.0636 0.0592
2 0.0140625 0.2050925925925926 0.027083333333333334 0.05277777777777778
2 0.023958333333333335 0.29583333333333334 0.046875 0.11203703703703703
2 0.08463541666666667 0.22453703703703703 0.10572916666666667 0.1175925925925926
2 0.06901041666666667 0.2861111111111111 0.12135416666666667 0.15185185185185185
2 0.08046875 0.4722222222222222 0.1609375 0.39444444444444443
1 0.12135416666666667 0.2675925925925926 0.06458333333333334 0.09444444444444444
1 0.059895833333333336 0.33611111111111114 0.11145833333333334 0.14444444444444443
1 0.013020833333333334 0.3861111111111111 0.026041666666666668 0.11851851851851852
1 0.31354166666666666 0.1050925925925926 0.04583333333333333 0.062037037037037036
1 0.4161458333333333 0.075 0.04583333333333333 0.05185185185185185
0 0.46536458333333336 0.06620370370370371 0.033854166666666664 0.06944444444444445
4 0.6309895833333333 0.2935185185185185 0.0515625 0.2111111111111111
4 0.24348958333333334 0.43425925925925923 0.0609375 0.22592592592592592
3 0.85234375 0.29907407407407405 0.2921875 0.5981481481481481
3 0.5403645833333334 0.337037037037037 0.1765625 0.4648148148148148
3 0.23645833333333333 0.2574074074074074 0.13958333333333334 0.3314814814814815
3 0.36041666666666666 0.3037037037037037 0.23645833333333333 0.48333333333333334
