2 0.90546875 0.14675925925925926 0.10052083333333334 0.09537037037037037
2 0.7609375 0.2074074074074074 0.13333333333333333 0.14814814814814814
2 0.5627604166666667 0.20972222222222223 0.0921875 0.14907407407407408
1 0.08463541666666667 0.32731481481481484 0.030729166666666665 0.0787037037037037
1 0.05182291666666667 0.30462962962962964 0.024479166666666666 0.08148148148148149
1 0.07005208333333333 0.3074074074074074 0.033854166666666664 0.07407407407407407
0 0.04114583333333333 0.4703703703703704 0.053125 0.10185185185185185
0 0.05625 0.5472222222222223 0.04583333333333333 0.14814814814814814
0 0.9330729166666667 0.26666666666666666 0.04114583333333333 0.1388888888888889
0 0.7440104166666667 0.10972222222222222 0.0359375 0.03981481481481482
0 0.746875 0.13657407407407407 0.053125 0.07685185185185185
0 0.68828125 0.11712962962962963 0.0234375 0.062037037037037036
0 0.66171875 0.13240740740740742 0.016145833333333335 0.07962962962962963
0 0.5973958333333333 0.16944444444444445 0.05416666666666667 0.1111111111111111
3 0.91328125 0.08425925925925926 0.0734375 0.12037037037037036
3 0.8919270833333334 0.06851851851851852 0.08385416666666666 0.1259259259259259
3 0.82265625 0.07268518518518519 0.13385416666666666 0.1398148148148148
3 0.7533854166666667 0.06851851851851852 0.0734375 0.13518518518518519
3 0.6692708333333334 0.08333333333333333 0.06875 0.1648148148148148
3 0.5614583333333333 0.09675925925925925 0.11875 0.18796296296296297
