3 0.9036458333333334 0.3199074074074074 0.190625 0.25462962962962965
3 0.8018229166666667 0.20833333333333334 0.08385416666666666 0.09814814814814815
3 0.5591145833333333 0.5574074074074075 0.8734375 0.8814814814814815
2 0.6619791666666667 0.16296296296296298 0.046875 0.07962962962962963
2 0.7294270833333333 0.1935185185185185 0.0390625 0.06851851851851852
2 0.77421875 0.2337962962962963 0.05364583333333333 0.09537037037037037
2 0.7786458333333334 0.18888888888888888 0.040625 0.046296296296296294
2 0.7940104166666667 0.3087962962962963 0.05677083333333333 0.11018518518518519
1 0.6125 0.12268518518518519 0.046875 0.06574074074074074
1 0.88359375 0.2412037037037037 0.0640625 0.13240740740740742
