0 0.30911458333333336 0.30787037037037035 0.07135416666666666 0.16018518518518518
0 0.9591145833333333 0.3476851851851852 0.0796875 0.10648148148148148
0 0.9565104166666667 0.3699074074074074 0.08489583333333334 0.10648148148148148
0 0.95078125 0.4203703703703704 0.0953125 0.15925925925925927
5 0.625 0.0712962962962963 0.011458333333333333 0.08888888888888889
5 0.4166666666666667 0.056018518518518516 0.0125 0.07685185185185185
5 0.14713541666666666 0.2513888888888889 0.016145833333333335 0.10833333333333334
5 0.15989583333333332 0.17175925925925925 0.01875 0.08055555555555556
3 0.4049479166666667 0.04675925925925926 0.0484375 0.09166666666666666
3 0.26328125 0.04398148148148148 0.034895833333333334 0.06574074074074074
3 0.30416666666666664 0.04351851851851852 0.014583333333333334 0.08518518518518518
3 0.14479166666666668 0.11157407407407408 0.028125 0.10833333333333334
2 0.06953125 0.1550925925925926 0.05260416666666667 0.06944444444444445
2 0.16640625 0.1550925925925926 0.0328125 0.10462962962962963
2 0.19583333333333333 0.16574074074074074 0.0625 0.12222222222222222
2 0.22135416666666666 0.20601851851851852 0.14895833333333333 0.18981481481481483
2 0.28515625 0.14351851851851852 0.06822916666666666 0.12407407407407407
2 0.23802083333333332 0.35138888888888886 0.15416666666666667 0.30833333333333335
2 0.47291666666666665 0.06805555555555555 0.06979166666666667 0.09166666666666666
1 0.47682291666666665 0.15231481481481482 0.0734375 0.1675925925925926
