1 0.07890625 0.30462962962962964 0.049479166666666664 0.11481481481481481
0 0.058333333333333334 0.5777777777777777 0.04583333333333333 0.1648148148148148
0 0.08880208333333334 0.6675925925925926 0.0828125 0.2351851851851852
3 0.89375 0.07916666666666666 0.11041666666666666 0.15648148148148147
3 0.7856770833333333 0.03518518518518519 0.1453125 0.06481481481481481
3 0.7690104166666667 0.17592592592592593 0.25885416666666666 0.30185185185185187
3 0.6731770833333334 0.06851851851851852 0.0578125 0.13518518518518519
3 0.56171875 0.07453703703703704 0.10885416666666667 0.1398148148148148
3 0.5802083333333333 0.1476851851851852 0.16354166666666667 0.21574074074074073
3 0.5411458333333333 0.17175925925925925 0.103125 0.27314814814814814
