5 0.7800 0.2652 0.0233 0.1531
5 0.3580 0.3506 0.0322 0.1643
5 0.5583333333333333 0.1875 0.013541666666666667 0.1175925925925926
5 0.78828125 0.17824074074074073 0.0171875 0.10648148148148148
5 0.8752604166666667 0.15462962962962962 0.016145833333333335 0.09814814814814815
5 0.8768229166666667 0.13240740740740742 0.016145833333333335 0.10555555555555556
5 0.9755208333333333 0.1597222222222222 0.013541666666666667 0.09537037037037037
4 0.7567708333333333 0.25 0.040625 0.17222222222222222
4 0.80546875 0.17407407407407408 0.0296875 0.13703703703703704
4 0.9770833333333333 0.14212962962962963 0.025 0.1175925925925926
3 0.6739583333333333 0.031018518518518518 0.03854166666666667 0.05648148148148148
3 0.022395833333333334 0.17175925925925925 0.03958333333333333 0.09351851851851851
2 0.4859375 0.06712962962962964 0.028125 0.058333333333333334
2 0.45078125 0.09212962962962963 0.0484375 0.08796296296296297
2 0.48046875 0.13240740740740742 0.050520833333333334 0.09814814814814815
2 0.4622395833333333 0.17037037037037037 0.06614583333333333 0.1259259259259259
2 0.43463541666666666 0.20879629629629629 0.0921875 0.15092592592592594
2 0.37916666666666665 0.28425925925925927 0.14270833333333333 0.2574074074074074
2 0.5239583333333333 0.10046296296296296 0.03333333333333333 0.0824074074074074
2 0.5479166666666667 0.10925925925925926 0.04895833333333333 0.0962962962962963
2 0.5848958333333333 0.125 0.06770833333333333 0.13518518518518519
2 0.5979166666666667 0.07361111111111111 0.03958333333333333 0.058333333333333334
2 0.6114583333333333 0.055092592592592596 0.03333333333333333 0.04722222222222222
2 0.6421875 0.0625 0.0375 0.05092592592592592
2 0.6736979166666667 0.06805555555555555 0.04635416666666667 0.05648148148148148
2 0.6921875 0.05740740740740741 0.040625 0.05185185185185185
2 0.7200520833333334 0.06574074074074074 0.044270833333333336 0.06481481481481481
2 0.7203125 0.040740740740740744 0.029166666666666667 0.05
2 0.7197916666666667 0.0912037037037037 0.03958333333333333 0.058333333333333334
2 0.6705729166666666 0.06851851851851852 0.0453125 0.05185185185185185
2 0.68125 0.10740740740740741 0.0625 0.08333333333333333
2 0.63359375 0.09305555555555556 0.07239583333333334 0.06759259259259259
2 0.6377604166666667 0.16342592592592592 0.09010416666666667 0.15462962962962962
2 0.7151041666666667 0.21435185185185185 0.140625 0.2175925925925926
2 0.7697916666666667 0.08333333333333333 0.04895833333333333 0.05555555555555555
2 0.7799479166666666 0.15 0.06822916666666666 0.15925925925925927
2 0.81953125 0.1087962962962963 0.04114583333333333 0.10648148148148148
2 0.84453125 0.09444444444444444 0.0390625 0.09074074074074075
2 0.8802083333333334 0.08657407407407407 0.03854166666666667 0.058333333333333334
2 0.9234375 0.12824074074074074 0.10833333333333334 0.11574074074074074
2 0.95859375 0.10833333333333334 0.059895833333333336 0.09814814814814815
1 0.015885416666666666 0.19490740740740742 0.03177083333333333 0.06944444444444445
1 0.3893229166666667 0.8217592592592593 0.4359375 0.3490740740740741
1 0.98125 0.11481481481481481 0.034375 0.09444444444444444
0 0.29192708333333334 0.2652777777777778 0.0390625 0.14166666666666666
0 0.3216145833333333 0.2361111111111111 0.033854166666666664 0.1259259259259259
0 0.35859375 0.1865740740740741 0.0390625 0.0712962962962963
0 0.23802083333333332 0.25277777777777777 0.06354166666666666 0.13518518518518519
0 0.22630208333333332 0.28703703703703703 0.05260416666666667 0.13703703703703704
0 0.15963541666666667 0.23148148148148148 0.03802083333333333 0.09259259259259259
0 0.18177083333333333 0.20879629629629629 0.0375 0.07685185185185185
0 0.08671875 0.21851851851851853 0.043229166666666666 0.08333333333333333
