5 0.6365 0.2792 0.0287 0.1485
5 0.3427 0.3613 0.0345 0.1548
2 0.04010416666666667 0.1986111111111111 0.040625 0.10462962962962963
2 0.17057291666666666 0.17916666666666667 0.10364583333333334 0.12685185185185185
2 0.45286458333333335 0.1398148148148148 0.0703125 0.11296296296296296
2 0.4359375 0.20324074074074075 0.075 0.14907407407407408
2 0.3651041666666667 0.2865740740740741 0.14895833333333333 0.27685185185185185
2 0.53046875 0.043055555555555555 0.0421875 0.062037037037037036
2 0.5203125 0.10648148148148148 0.04375 0.053703703703703705
2 0.5375 0.1486111111111111 0.058333333333333334 0.10092592592592593
2 0.5703125 0.21481481481481482 0.11875 0.16296296296296298
2 0.5861979166666667 0.12407407407407407 0.0703125 0.08888888888888889
2 0.6388020833333333 0.1625 0.1109375 0.1287037037037037
2 0.6588541666666666 0.11018518518518519 0.06875 0.07222222222222222
2 0.7 0.13703703703703704 0.071875 0.13333333333333333
2 0.6903645833333333 0.08425925925925926 0.06302083333333333 0.08888888888888889
2 0.76953125 0.09953703703703703 0.05677083333333333 0.07685185185185185
2 0.8125 0.13703703703703704 0.09479166666666666 0.15
2 0.8200520833333333 0.08472222222222223 0.07760416666666667 0.058333333333333334
2 0.86484375 0.12361111111111112 0.06197916666666667 0.10648148148148148
2 0.9028645833333333 0.12268518518518519 0.0921875 0.12129629629629629
2 0.98984375 0.10833333333333334 0.018229166666666668 0.08518518518518518
1 0.5572916666666666 0.08009259259259259 0.052083333333333336 0.11574074074074074
1 0.9697916666666667 0.10694444444444444 0.042708333333333334 0.0787037037037037
1 0.9674479166666666 0.2828703703703704 0.058854166666666666 0.225
0 0.21796875 0.2814814814814815 0.04739583333333333 0.15185185185185185
0 0.31484375 0.21296296296296297 0.0484375 0.12037037037037036
0 0.33515625 0.1912037037037037 0.034895833333333334 0.08425925925925926
0 0.371875 0.1638888888888889 0.03333333333333333 0.04814814814814815
5 0.6890625 0.19305555555555556 0.014583333333333334 0.11574074074074074
5 0.8065104166666667 0.1814814814814815 0.022395833333333334 0.10555555555555556
5 0.8544270833333333 0.175 0.013020833333333334 0.11666666666666667
5 0.9567708333333333 0.15 0.0125 0.10185185185185185
5 0.9864583333333333 0.13657407407407407 0.010416666666666666 0.10277777777777777
4 0.88046875 0.1736111111111111 0.0328125 0.125
4 0.5658854166666667 0.23148148148148148 0.03802083333333333 0.17407407407407408
4 0.4825520833333333 0.2513888888888889 0.0390625 0.16574074074074074
3 0.6203125 0.027314814814814816 0.10625 0.05462962962962963
