2 0.9583333333333334 0.8513888888888889 0.08125 0.2898148148148148
2 0.8533854166666667 0.4305555555555556 0.09427083333333333 0.19814814814814816
2 0.7065104166666667 0.21481481481481482 0.0984375 0.15
2 0.6234375 0.16435185185185186 0.08645833333333333 0.16574074074074074
2 0.41354166666666664 0.11203703703703703 0.17395833333333333 0.2222222222222222
1 0.5114583333333333 0.6296296296296297 0.3125 0.6777777777777778
1 0.6966145833333334 0.9425925925925925 0.16614583333333333 0.1111111111111111
1 0.2916666666666667 0.2796296296296296 0.240625 0.4962962962962963
5 0.8875 0.6847222222222222 0.075 0.16018518518518518
5 0.8895833333333333 0.47314814814814815 0.041666666666666664 0.08703703703703704
5 0.24895833333333334 0.034722222222222224 0.028125 0.06759259259259259
4 0.96484375 0.9393518518518519 0.06822916666666666 0.1175925925925926
