2 0.2377 0.3305 0.1517 0.2958
2 0.8856 0.4927 0.2001 0.4007
2 0.0731 0.4711 0.1356 0.3311
2 0.8812 0.2285 0.1413 0.1489
3 0.06302083333333333 0.12824074074074074 0.08645833333333333 0.15462962962962962
3 0.10026041666666667 0.11805555555555555 0.09114583333333333 0.12129629629629629
3 0.12291666666666666 0.1162037037037037 0.07291666666666667 0.13425925925925927
3 0.19453125 0.12314814814814815 0.0703125 0.2222222222222222
2 0.41302083333333334 0.055092592592592596 0.0375 0.06944444444444445
0 0.5028645833333333 0.24675925925925926 0.0703125 0.16018518518518518
0 0.3419270833333333 0.3023148148148148 0.0734375 0.18425925925925926
0 0.96953125 0.4162037037037037 0.058854166666666666 0.15462962962962962
5 0.6052083333333333 0.06712962962962964 0.011458333333333333 0.0712962962962963
5 0.4864583333333333 0.06712962962962964 0.011458333333333333 0.0712962962962963
5 0.43671875 0.05277777777777778 0.013020833333333334 0.06481481481481481
5 0.25 0.18703703703703703 0.016666666666666666 0.08888888888888889
5 0.17135416666666667 0.19907407407407407 0.017708333333333333 0.11296296296296296
