5 0.7162 0.3912 0.0391 0.1896
5 0.3769 0.4751 0.0382 0.1950
2 0.2397 0.1112 0.1064 0.1233
1 0.6859 0.1995 0.0813 0.2050
2 0.17239583333333333 0.1125 0.05520833333333333 0.13240740740740742
2 0.02578125 0.28935185185185186 0.050520833333333334 0.13240740740740742
2 0.06692708333333333 0.24212962962962964 0.11197916666666667 0.14351851851851852
2 0.125 0.27870370370370373 0.18645833333333334 0.19444444444444445
2 0.4427083333333333 0.02546296296296296 0.06458333333333334 0.05092592592592592
2 0.41796875 0.047685185185185185 0.0578125 0.09351851851851851
2 0.41796875 0.33055555555555555 0.14114583333333333 0.3333333333333333
2 0.6234375 0.0587962962962963 0.0375 0.09351851851851851
1 0.6510416666666666 0.07777777777777778 0.07083333333333333 0.12407407407407407
1 0.6986979166666667 0.10555555555555556 0.05677083333333333 0.10925925925925926
5 0.484375 0.12731481481481483 0.01875 0.1175925925925926
5 0.33177083333333335 0.03935185185185185 0.013541666666666667 0.0787037037037037
5 0.017708333333333333 0.22314814814814815 0.016666666666666666 0.06111111111111111
5 0.19895833333333332 0.15185185185185185 0.017708333333333333 0.10185185185185185
3 0.29375 0.04814814814814815 0.07083333333333333 0.0962962962962963
3 0.3640625 0.01990740740740741 0.075 0.03981481481481482
3 0.4934895833333333 0.08796296296296297 0.0890625 0.17407407407407408
3 0.16432291666666668 0.040740740740740744 0.0421875 0.08148148148148149
