2 0.709765625 0.17777777777777778 0.07421875 0.05555555555555555
2 0.70859375 0.2326388888888889 0.1046875 0.1125
2 0.7859375 0.20625 0.0625 0.0763888888888889
2 0.247265625 0.13958333333333334 0.04140625 0.08472222222222223
2 0.2953125 0.21041666666666667 0.096875 0.12638888888888888
2 0.438671875 0.19652777777777777 0.08984375 0.11805555555555555
2 0.37578125 0.13680555555555557 0.0375 0.0625
2 0.4171875 0.15694444444444444 0.0890625 0.08333333333333333
1 0.229296875 0.1951388888888889 0.06328125 0.11527777777777778
1 0.2875 0.10902777777777778 0.0796875 0.0875
5 0.25 0.22708333333333333 0.01875 0.11527777777777778
5 0.433203125 0.2722222222222222 0.02421875 0.08888888888888889
4 0.553515625 0.2861111111111111 0.03203125 0.14166666666666666
4 0.33515625 0.21597222222222223 0.015625 0.14305555555555555
3 0.500390625 0.24166666666666667 0.18203125 0.22777777777777777
3 0.648046875 0.17847222222222223 0.06953125 0.1486111111111111
3 0.8 0.18611111111111112 0.065625 0.08611111111111111
2 0.58984375 0.2361111111111111 0.04375 0.14166666666666666
