4 0.5830729166666667 0.21435185185185185 0.0234375 0.10833333333333334
4 0.6026041666666667 0.14166666666666666 0.019791666666666666 0.06111111111111111
4 0.5484375 0.1300925925925926 0.015625 0.06759259259259259
3 0.8020833333333334 0.3921296296296296 0.39375 0.5120370370370371
3 0.5434895833333333 0.09953703703703703 0.04739583333333333 0.09351851851851851
2 0.6221354166666667 0.13472222222222222 0.05572916666666667 0.08425925925925926
2 0.6598958333333333 0.1814814814814815 0.090625 0.1388888888888889
2 0.90625 0.6129629629629629 0.18541666666666667 0.4
1 0.51796875 0.13472222222222222 0.044270833333333336 0.09351851851851851
3 0.9765625 0.9143518518518519 0.041666666666666664 0.1675925925925926
5 0.8020833333333334 0.6157407407407407 0.04895833333333333 0.2111111111111111
5 0.6328125 0.21296296296296297 0.013541666666666667 0.07962962962962963
5 0.6138020833333333 0.1925925925925926 0.015104166666666667 0.07407407407407407
