3 0.9049479166666666 0.27175925925925926 0.18177083333333333 0.3472222222222222
3 0.6002604166666666 0.1 0.15260416666666668 0.19814814814814816
2 0.15546875 0.03611111111111111 0.13697916666666668 0.07222222222222222
2 0.07630208333333334 0.11296296296296296 0.0765625 0.1685185185185185
2 0.0984375 0.3611111111111111 0.196875 0.5074074074074074
2 0.4244791666666667 0.7467592592592592 0.6104166666666667 0.5027777777777778
2 0.88203125 0.9537037037037037 0.2328125 0.08888888888888889
2 0.703125 0.013888888888888888 0.030208333333333334 0.025925925925925925
2 0.6861979166666666 0.025925925925925925 0.04635416666666667 0.05
0 0.38723958333333336 0.08611111111111111 0.1046875 0.17222222222222222
0 0.60546875 0.3347222222222222 0.13802083333333334 0.18981481481481483
