2 0.11380208333333333 0.16620370370370371 0.049479166666666664 0.062037037037037036
5 0.09296875 0.549537037037037 0.059895833333333336 0.20092592592592592
5 0.5958333333333333 0.3509259259259259 0.026041666666666668 0.18703703703703703
4 0.7328125 0.32407407407407407 0.051041666666666666 0.22777777777777777
4 0.036458333333333336 0.5319444444444444 0.065625 0.22685185185185186
4 0.10598958333333333 0.5662037037037037 0.08177083333333333 0.2638888888888889
3 0.35572916666666665 0.3472222222222222 0.375 0.6888888888888889
3 0.5713541666666667 0.0625 0.084375 0.125
3 0.6322916666666667 0.0824074074074074 0.121875 0.16296296296296298
3 0.8614583333333333 0.4583333333333333 0.271875 0.85
