2 0.8330729166666667 0.40324074074074073 0.09322916666666667 0.2175925925925926
2 0.840625 0.6342592592592593 0.20104166666666667 0.30925925925925923
2 0.96484375 0.8740740740740741 0.06510416666666667 0.24814814814814815
2 0.6158854166666666 0.3013888888888889 0.19114583333333332 0.3435185185185185
1 0.2830729166666667 0.23425925925925925 0.1984375 0.4203703703703704
5 0.38046875 0.10601851851851851 0.0390625 0.11944444444444445
5 0.246875 0.018055555555555554 0.029166666666666667 0.03425925925925926
5 0.7700520833333333 0.5375 0.050520833333333334 0.14166666666666666
5 0.8890625 0.4726851851851852 0.03333333333333333 0.09351851851851851
4 0.3890625 0.2574074074074074 0.08020833333333334 0.24444444444444444
4 0.9635416666666666 0.8384259259259259 0.06666666666666667 0.18611111111111112
3 0.6981770833333333 0.14814814814814814 0.1828125 0.2962962962962963
