2 0.5262 0.1177 0.0516 0.0650
2 0.9109375 0.3296296296296296 0.10729166666666666 0.1
2 0.7903645833333334 0.25416666666666665 0.0859375 0.11574074074074074
2 0.7166666666666667 0.21805555555555556 0.03958333333333333 0.09166666666666666
2 0.73046875 0.17175925925925925 0.04635416666666667 0.06759259259259259
2 0.6705729166666666 0.18703703703703703 0.058854166666666666 0.08148148148148149
2 0.49765625 0.14583333333333334 0.05260416666666667 0.09351851851851851
2 0.47994791666666664 0.17546296296296296 0.059895833333333336 0.10462962962962963
2 0.7791666666666667 0.38796296296296295 0.08958333333333333 0.16111111111111112
5 0.8713541666666667 0.7 0.058333333333333334 0.2222222222222222
5 0.73359375 0.3523148148148148 0.0265625 0.14537037037037037
5 0.6598958333333333 0.2912037037037037 0.019791666666666666 0.10648148148148148
5 0.6489583333333333 0.2175925925925926 0.015625 0.08888888888888889
5 0.6145833333333334 0.1537037037037037 0.0125 0.06296296296296296
3 0.87734375 0.4462962962962963 0.24322916666666666 0.3296296296296296
3 0.88359375 0.7337962962962963 0.2296875 0.525
