2 0.8859375 0.5569444444444445 0.153125 0.22870370370370371
2 0.8747395833333333 0.6921296296296297 0.1109375 0.225
2 0.6510416666666666 0.13425925925925927 0.09583333333333334 0.12407407407407407
2 0.6903645833333333 0.21064814814814814 0.10677083333333333 0.14537037037037037
2 0.7403645833333333 0.19722222222222222 0.03802083333333333 0.07407407407407407
2 0.41901041666666666 0.13240740740740742 0.17135416666666667 0.22962962962962963
2 0.48515625 0.03935185185185185 0.06927083333333334 0.0787037037037037
1 0.58125 0.600925925925926 0.3416666666666667 0.42407407407407405
1 0.32786458333333335 0.4185185185185185 0.30572916666666666 0.5666666666666667
5 0.8388020833333333 0.6189814814814815 0.07552083333333333 0.15648148148148147
5 0.8114583333333333 0.3148148148148148 0.029166666666666667 0.07407407407407407
5 0.37890625 0.01898148148148148 0.0203125 0.03611111111111111
5 0.1703125 0.08657407407407407 0.023958333333333335 0.1287037037037037
4 0.3184895833333333 0.10833333333333334 0.0578125 0.1425925925925926
4 0.365625 0.09259259259259259 0.053125 0.18518518518518517
4 0.8947916666666667 0.45416666666666666 0.042708333333333334 0.06944444444444445
4 0.9302083333333333 0.4736111111111111 0.03229166666666667 0.09537037037037037
4 0.7604166666666666 0.2967592592592593 0.034375 0.11388888888888889
3 0.8953125 0.41944444444444445 0.09583333333333334 0.19814814814814816
