2 0.09140625 0.27361111111111114 0.12135416666666667 0.15462962962962962
2 0.10963541666666667 0.39351851851851855 0.1203125 0.26851851851851855
2 0.25703125 0.28703703703703703 0.08489583333333334 0.2037037037037037
1 0.01015625 0.22777777777777777 0.0203125 0.07407407407407407
1 0.049479166666666664 0.4097222222222222 0.096875 0.23981481481481481
5 0.06432291666666666 0.4810185185185185 0.044270833333333336 0.17314814814814813
5 0.69375 0.4111111111111111 0.030208333333333334 0.2074074074074074
4 0.7526041666666666 0.34675925925925927 0.046875 0.21388888888888888
4 0.24166666666666667 0.40185185185185185 0.053125 0.20925925925925926
3 0.42421875 0.34675925925925927 0.31927083333333334 0.6935185185185185
3 0.5638020833333334 0.07453703703703704 0.07239583333333334 0.14351851851851852
3 0.6341145833333334 0.12407407407407407 0.13489583333333333 0.2462962962962963
3 0.8481770833333333 0.23703703703703705 0.2515625 0.4462962962962963
