2 0.255078125 0.12569444444444444 0.06640625 0.059722222222222225
2 0.326171875 0.10833333333333334 0.04140625 0.05277777777777778
2 0.30390625 0.19722222222222222 0.0890625 0.15555555555555556
2 0.867578125 0.2111111111111111 0.03203125 0.06944444444444445
5 0.255859375 0.22291666666666668 0.02734375 0.12083333333333333
5 0.500390625 0.31666666666666665 0.02265625 0.14166666666666666
4 0.651953125 0.28680555555555554 0.03203125 0.14027777777777778
4 0.378125 0.21805555555555556 0.025 0.1111111111111111
4 0.3359375 0.2013888888888889 0.01875 0.11666666666666667
3 0.4640625 0.20625 0.190625 0.23472222222222222
3 0.5265625 0.22916666666666666 0.1609375 0.2638888888888889
3 0.6625 0.18819444444444444 0.11875 0.19305555555555556
3 0.747265625 0.28194444444444444 0.19296875 0.3388888888888889
3 0.83828125 0.25416666666666665 0.0765625 0.2361111111111111
3 0.73046875 0.14791666666666667 0.06875 0.07361111111111111
