3 0.8635416666666667 0.05185185185185185 0.06458333333333334 0.10185185185185185
3 0.7247395833333333 0.029166666666666667 0.030729166666666665 0.05648148148148148
3 0.5669270833333333 0.21435185185185185 0.2703125 0.42685185185185187
3 0.18515625 0.18796296296296297 0.3067708333333333 0.37407407407407406
2 0.05 0.1824074074074074 0.040625 0.1537037037037037
2 0.8802083333333334 0.09212962962962963 0.053125 0.09907407407407408
2 0.9716145833333333 0.3351851851851852 0.05364583333333333 0.1814814814814815
2 0.9119791666666667 0.5888888888888889 0.17083333333333334 0.4759259259259259
2 0.5708333333333333 0.6944444444444444 0.6041666666666666 0.6037037037037037
0 0.73359375 0.20555555555555555 0.06197916666666667 0.15185185185185185
0 0.81328125 0.3106481481481482 0.11197916666666667 0.17685185185185184
5 0.21953125 0.2828703703703704 0.03802083333333333 0.18611111111111112
5 0.05572916666666667 0.3435185185185185 0.0375 0.15925925925925927
5 0.5291666666666667 0.40555555555555556 0.03229166666666667 0.1388888888888889
