5 0.5346 0.2967 0.0392 0.1977
2 0.0671875 0.20092592592592592 0.065625 0.1925925925925926
2 0.89453125 0.08657407407407407 0.0515625 0.07685185185185185
2 0.85234375 0.07685185185185185 0.03697916666666667 0.07777777777777778
2 0.9484375 0.22175925925925927 0.096875 0.1712962962962963
2 0.9875 0.2912037037037037 0.022916666666666665 0.10277777777777777
2 0.92421875 0.4689814814814815 0.14635416666666667 0.3453703703703704
0 0.7380208333333333 0.20601851851851852 0.075 0.15462962962962962
5 0.19947916666666668 0.2791666666666667 0.041666666666666664 0.1824074074074074
5 0.06875 0.3226851851851852 0.035416666666666666 0.16574074074074074
3 0.18645833333333334 0.1726851851851852 0.28229166666666666 0.3453703703703704
3 0.31614583333333335 0.04953703703703704 0.06666666666666667 0.09907407407407408
3 0.4822916666666667 0.6532407407407408 0.8541666666666666 0.6861111111111111
