2 0.303515625 0.11458333333333333 0.05703125 0.05416666666666667
2 0.3390625 0.11597222222222223 0.0375 0.06805555555555555
2 0.391796875 0.1111111111111111 0.04609375 0.04722222222222222
2 0.475390625 0.12291666666666666 0.06171875 0.059722222222222225
2 0.468359375 0.17291666666666666 0.09296875 0.09027777777777778
1 0.5671875 0.22916666666666666 0.0875 0.19166666666666668
1 0.249609375 0.19236111111111112 0.08046875 0.11527777777777778
1 0.308984375 0.18611111111111112 0.07265625 0.10277777777777777
1 0.394921875 0.18680555555555556 0.07734375 0.10694444444444444
5 0.511328125 0.2951388888888889 0.02578125 0.09861111111111111
5 0.3109375 0.20208333333333334 0.0296875 0.04861111111111111
3 0.8734375 0.2125 0.078125 0.11666666666666667
3 0.7140625 0.28402777777777777 0.309375 0.3763888888888889
