2 0.8932291666666666 0.09537037037037037 0.052083333333333336 0.06666666666666667
2 0.8583333333333333 0.15092592592592594 0.06770833333333333 0.1
2 0.82890625 0.19027777777777777 0.10260416666666666 0.1398148148148148
2 0.6765625 0.1787037037037037 0.15416666666666667 0.09814814814814815
2 0.5252604166666667 0.20879629629629629 0.043229166666666666 0.11018518518518519
1 0.08515625 0.33101851851851855 0.0421875 0.08981481481481482
1 0.7203125 0.21851851851851853 0.12916666666666668 0.08703703703703704
1 0.5783854166666667 0.22175925925925927 0.10989583333333333 0.11203703703703703
0 0.058333333333333334 0.5407407407407407 0.051041666666666666 0.17037037037037037
0 0.9333333333333333 0.26666666666666666 0.06666666666666667 0.14814814814814814
0 0.7455729166666667 0.125 0.0390625 0.07037037037037037
0 0.7411458333333333 0.15092592592592594 0.03958333333333333 0.06111111111111111
0 0.6872395833333333 0.11388888888888889 0.025520833333333333 0.05740740740740741
0 0.65859375 0.12777777777777777 0.028645833333333332 0.05
0 0.59921875 0.15648148148148147 0.0484375 0.06851851851851852
3 0.803125 0.0712962962962963 0.17083333333333334 0.14074074074074075
3 0.60078125 0.09398148148148149 0.20677083333333332 0.18796296296296297
