2 0.2377 0.3328 0.1541 0.2907
2 0.8867 0.4916 0.1992 0.3978
2 0.0734 0.4707 0.1411 0.3375
2 0.8816 0.2285 0.1416 0.1467
2 0.4850 0.0606 0.1045 0.0949
2 0.3602 0.8981 0.6595 0.2035
2 0.4199 0.0508 0.0777 0.0875
5 0.6057291666666667 0.05740740740740741 0.013541666666666667 0.05740740740740741
5 0.4471354166666667 0.15 0.0140625 0.11481481481481481
5 0.17109375 0.19675925925925927 0.0140625 0.0787037037037037
3 0.051041666666666666 0.2152777777777778 0.09791666666666667 0.2064814814814815
3 0.052083333333333336 0.11064814814814815 0.08854166666666667 0.15462962962962962
3 0.11484375 0.10092592592592593 0.08072916666666667 0.1648148148148148
3 0.20026041666666666 0.1287037037037037 0.0671875 0.1962962962962963
0 0.5020833333333333 0.25 0.06875 0.15925925925925927
0 0.34817708333333336 0.3111111111111111 0.0703125 0.21481481481481482
0 0.9666666666666667 0.4078703703703704 0.06458333333333334 0.175
