1 0.4127604166666667 0.34444444444444444 0.19739583333333333 0.31851851851851853
0 0.5075520833333333 0.2439814814814815 0.0640625 0.15462962962962962
0 0.96875 0.4263888888888889 0.059375 0.1638888888888889
5 0.18932291666666667 0.17731481481481481 0.0140625 0.09166666666666666
3 0.053125 0.1486111111111111 0.10625 0.1824074074074074
3 0.07265625 0.10833333333333334 0.07864583333333333 0.1537037037037037
3 0.125 0.10416666666666667 0.06458333333333334 0.15833333333333333
3 0.10963541666666667 0.10787037037037037 0.0265625 0.09166666666666666
3 0.27578125 0.10046296296296296 0.0796875 0.14351851851851852
3 0.27057291666666666 0.16203703703703703 0.09427083333333333 0.21851851851851853
3 0.40859375 0.027777777777777776 0.05572916666666667 0.05555555555555555
2 0.4890625 0.06620370370370371 0.030208333333333334 0.10462962962962963
2 0.43020833333333336 0.027777777777777776 0.042708333333333334 0.040740740740740744
2 0.8861979166666667 0.2412037037037037 0.1390625 0.1638888888888889
2 0.790625 0.24166666666666667 0.14791666666666667 0.26851851851851855
2 0.8786458333333333 0.49537037037037035 0.17604166666666668 0.44814814814814813
2 0.14713541666666666 0.15092592592592594 0.06302083333333333 0.11296296296296296
2 0.234375 0.3472222222222222 0.15729166666666666 0.3
2 0.07708333333333334 0.48657407407407405 0.134375 0.33611111111111114
