2 0.0258 0.2935 0.0541 0.1244
2 0.15 0.2064814814814815 0.11875 0.11481481481481481
2 0.1578125 0.7476851851851852 0.3145833333333333 0.5009259259259259
2 0.4205729166666667 0.08148148148148149 0.0671875 0.08703703703703704
2 0.44088541666666664 0.19768518518518519 0.08802083333333334 0.18981481481481483
2 0.35911458333333335 0.27546296296296297 0.15989583333333332 0.22685185185185186
2 0.5190104166666667 0.13333333333333333 0.0828125 0.10925925925925926
2 0.5682291666666667 0.20833333333333334 0.10625 0.16296296296296298
2 0.5994791666666667 0.08564814814814815 0.10520833333333333 0.06944444444444445
2 0.5802083333333333 0.11296296296296296 0.06458333333333334 0.08518518518518518
2 0.6229166666666667 0.1550925925925926 0.07291666666666667 0.1398148148148148
2 0.70859375 0.20972222222222223 0.1453125 0.22314814814814815
2 0.7765625 0.14444444444444443 0.08125 0.1388888888888889
2 0.8229166666666666 0.1337962962962963 0.10416666666666667 0.14351851851851852
2 0.846875 0.1162037037037037 0.09895833333333333 0.10462962962962963
2 0.8830729166666667 0.11203703703703703 0.06614583333333333 0.1
2 0.9434895833333333 0.13842592592592592 0.09739583333333333 0.14166666666666666
2 0.94609375 0.09444444444444444 0.0703125 0.07407407407407407
2 0.9731770833333333 0.0824074074074074 0.050520833333333334 0.08518518518518518
0 0.2140625 0.2902777777777778 0.06354166666666666 0.14907407407407408
0 0.28489583333333335 0.22407407407407406 0.03229166666666667 0.12407407407407407
0 0.30494791666666665 0.22453703703703703 0.0390625 0.09166666666666666
0 0.328125 0.18981481481481483 0.03333333333333333 0.06111111111111111
0 0.35963541666666665 0.15555555555555556 0.0421875 0.05185185185185185
0 0.38671875 0.14907407407407408 0.0359375 0.05185185185185185
5 0.42578125 0.29259259259259257 0.0234375 0.1648148148148148
5 0.6020833333333333 0.22962962962962963 0.023958333333333335 0.15185185185185185
5 0.8169270833333333 0.2587962962962963 0.018229166666666668 0.13796296296296295
5 0.8184895833333333 0.23148148148148148 0.021354166666666667 0.1388888888888889
5 0.8703125 0.16944444444444445 0.015625 0.10740740740740741
5 0.9026041666666667 0.1486111111111111 0.016666666666666666 0.08796296296296297
5 0.9885416666666667 0.15416666666666667 0.0125 0.09351851851851851
4 0.44765625 0.2884259259259259 0.04114583333333333 0.18796296296296297
4 0.5286458333333334 0.2375 0.030208333333333334 0.1675925925925926
4 0.79453125 0.23564814814814813 0.034895833333333334 0.16944444444444445
