2 0.8380208333333333 0.3638888888888889 0.10625 0.18518518518518517
1 0.28567708333333336 0.2773148148148148 0.22864583333333333 0.46944444444444444
1 0.4041666666666667 0.6259259259259259 0.37916666666666665 0.7148148148148148
1 0.9018229166666667 0.43842592592592594 0.06510416666666667 0.13425925925925927
5 0.853125 0.737037037037037 0.08541666666666667 0.17407407407407408
5 0.35182291666666665 0.03333333333333333 0.021354166666666667 0.04814814814814815
5 0.24375 0.038425925925925926 0.03229166666666667 0.07685185185185185
5 0.9315104166666667 0.4898148148148148 0.030729166666666665 0.06851851851851852
4 0.64453125 0.3337962962962963 0.08177083333333333 0.175
4 0.4239583333333333 0.23472222222222222 0.07083333333333333 0.20277777777777778
3 0.884375 0.5888888888888889 0.19270833333333334 0.30925925925925923
3 0.69765625 0.14629629629629629 0.1671875 0.29259259259259257
