3 0.7736979166666667 0.35 0.12239583333333333 0.25925925925925924
3 0.9307291666666667 0.6171296296296296 0.13333333333333333 0.28425925925925927
3 0.9247395833333333 0.8634259259259259 0.14427083333333332 0.26944444444444443
3 0.965625 0.44675925925925924 0.06666666666666667 0.19166666666666668
2 0.61640625 0.15138888888888888 0.08802083333333334 0.0787037037037037
2 0.7307291666666667 0.17916666666666667 0.03958333333333333 0.06574074074074074
2 0.85546875 0.23148148148148148 0.028645833333333332 0.04814814814814815
2 0.8658854166666666 0.2537037037037037 0.0328125 0.04814814814814815
2 0.8893229166666666 0.2550925925925926 0.043229166666666666 0.06944444444444445
2 0.9088541666666666 0.2689814814814815 0.035416666666666666 0.05648148148148148
2 0.9317708333333333 0.2824074074074074 0.03958333333333333 0.05925925925925926
2 0.971875 0.3189814814814815 0.053125 0.0787037037037037
2 0.9484375 0.387037037037037 0.10104166666666667 0.13333333333333333
1 0.95546875 0.35138888888888886 0.0796875 0.1175925925925926
1 0.7260416666666667 0.2972222222222222 0.103125 0.13518518518518519
1 0.6635416666666667 0.22592592592592592 0.09583333333333334 0.12777777777777777
1 0.540625 0.1087962962962963 0.03958333333333333 0.058333333333333334
1 0.5473958333333333 0.12129629629629629 0.042708333333333334 0.07592592592592592
5 0.83359375 0.5847222222222223 0.04010416666666667 0.20092592592592592
5 0.6713541666666667 0.33935185185185185 0.01875 0.13240740740740742
5 0.6653645833333334 0.27824074074074073 0.019270833333333334 0.13240740740740742
4 0.5872395833333334 0.18888888888888888 0.024479166666666666 0.09814814814814815
4 0.640625 0.1726851851851852 0.019791666666666666 0.05648148148148148
4 0.7713541666666667 0.2449074074074074 0.027083333333333334 0.05648148148148148
4 0.8091145833333333 0.39351851851851855 0.0265625 0.16296296296296298
4 0.8809895833333333 0.4027777777777778 0.0296875 0.06296296296296296
