5 0.3665 0.3046 0.0292 0.1530
5 0.7355 0.2225 0.0223 0.1366
2 0.1211 0.3816 0.1668 0.2122
5 0.55859375 0.21388888888888888 0.021354166666666667 0.1388888888888889
5 0.7893229166666667 0.1736111111111111 0.011979166666666667 0.11574074074074074
5 0.9169270833333333 0.15092592592592594 0.016145833333333335 0.09259259259259259
5 0.8713541666666667 0.15416666666666667 0.014583333333333334 0.10648148148148148
5 0.9856770833333334 0.14583333333333334 0.013020833333333334 0.10277777777777777
5 0.9908854166666666 0.14675925925925926 0.016145833333333335 0.09537037037037037
4 0.4622395833333333 0.24814814814814815 0.034895833333333334 0.17592592592592593
4 0.7200520833333334 0.20092592592592592 0.027604166666666666 0.1574074074074074
4 0.8791666666666667 0.14907407407407408 0.019791666666666666 0.1259259259259259
4 0.8903645833333333 0.15 0.016145833333333335 0.12777777777777777
2 0.48515625 0.03888888888888889 0.033854166666666664 0.05925925925925926
2 0.4752604166666667 0.09675925925925925 0.04635416666666667 0.05648148148148148
2 0.4713541666666667 0.1726851851851852 0.059375 0.1527777777777778
2 0.43828125 0.21296296296296297 0.10677083333333333 0.1814814814814815
2 0.5609375 0.11342592592592593 0.06979166666666667 0.13055555555555556
2 0.5895833333333333 0.13842592592592592 0.07708333333333334 0.14166666666666666
2 0.6481770833333333 0.1814814814814815 0.14114583333333333 0.2
2 0.6544270833333333 0.075 0.03802083333333333 0.06481481481481481
2 0.63984375 0.038425925925925926 0.03697916666666667 0.05462962962962963
2 0.6888020833333334 0.07361111111111111 0.059895833333333336 0.07685185185185185
2 0.7083333333333334 0.0587962962962963 0.06354166666666666 0.06759259259259259
2 0.7138020833333333 0.1050925925925926 0.058854166666666666 0.11388888888888889
2 0.6747395833333333 0.12361111111111112 0.0796875 0.11944444444444445
2 0.7536458333333333 0.09305555555555556 0.03958333333333333 0.06759259259259259
2 0.78125 0.08287037037037037 0.06145833333333333 0.06759259259259259
2 0.7833333333333333 0.11851851851851852 0.059375 0.1
2 0.77109375 0.17083333333333334 0.05260416666666667 0.1398148148148148
2 0.8252604166666667 0.10648148148148148 0.05260416666666667 0.10740740740740741
2 0.8796875 0.12685185185185185 0.06979166666666667 0.11851851851851852
2 0.8994791666666667 0.10648148148148148 0.06145833333333333 0.08888888888888889
2 0.9528645833333333 0.1050925925925926 0.058854166666666666 0.10092592592592593
2 0.5916666666666667 0.3509259259259259 0.26458333333333334 0.2962962962962963
2 0.5611979166666666 0.7171296296296297 0.4765625 0.562037037037037
1 0.9036458333333334 0.4101851851851852 0.17708333333333334 0.32592592592592595
0 0.16171875 0.23333333333333334 0.0453125 0.11296296296296296
0 0.28515625 0.24259259259259258 0.05572916666666667 0.10925925925925926
0 0.28854166666666664 0.20879629629629629 0.036458333333333336 0.08981481481481482
0 0.31953125 0.22407407407407406 0.05260416666666667 0.11481481481481481
0 0.34427083333333336 0.22175925925925927 0.057291666666666664 0.11944444444444445
