2 0.5859375 0.11944444444444445 0.06354166666666666 0.06296296296296296
2 0.61171875 0.13287037037037036 0.0359375 0.05462962962962963
2 0.6278645833333333 0.1375 0.0359375 0.05648148148148148
2 0.5408854166666667 0.11527777777777778 0.03802083333333333 0.0712962962962963
2 0.6302083333333334 0.19027777777777777 0.096875 0.09537037037037037
2 0.72265625 0.16944444444444445 0.03802083333333333 0.053703703703703705
2 0.7270833333333333 0.21388888888888888 0.03958333333333333 0.09074074074074075
2 0.784375 0.225 0.06145833333333333 0.08333333333333333
2 0.8171875 0.23842592592592593 0.028125 0.06574074074074074
2 0.7848958333333333 0.29907407407407405 0.090625 0.1388888888888889
2 0.9020833333333333 0.2865740740740741 0.115625 0.1175925925925926
2 0.97265625 0.3435185185185185 0.05260416666666667 0.09444444444444444
2 0.94375 0.38425925925925924 0.109375 0.14814814814814814
1 0.6856770833333333 0.21851851851851853 0.09635416666666667 0.0962962962962963
1 0.7770833333333333 0.24583333333333332 0.084375 0.09351851851851851
1 0.51328125 0.12175925925925926 0.043229166666666666 0.07685185185185185
5 0.6453125 0.2050925925925926 0.013541666666666667 0.06574074074074074
4 0.85 0.325 0.029166666666666667 0.0962962962962963
3 0.49947916666666664 0.5574074074074075 0.9989583333333333 0.8814814814814815
