5 0.7349 0.2034 0.0249 0.1332
2 0.7458333333333333 0.1476851851851852 0.10208333333333333 0.1361111111111111
2 0.6489583333333333 0.1814814814814815 0.12708333333333333 0.17037037037037037
2 0.5619791666666667 0.18981481481481483 0.10104166666666667 0.1962962962962963
2 0.38619791666666664 0.25833333333333336 0.13072916666666667 0.19814814814814816
2 0.3575520833333333 0.4462962962962963 0.3296875 0.3074074074074074
2 0.16354166666666667 0.17546296296296296 0.11041666666666666 0.1287037037037037
1 0.7731770833333333 0.1162037037037037 0.08177083333333333 0.1175925925925926
1 0.67734375 0.11944444444444445 0.0734375 0.12777777777777777
0 0.14661458333333333 0.22083333333333333 0.04010416666666667 0.09537037037037037
0 0.22083333333333333 0.2773148148148148 0.053125 0.15648148148148147
0 0.24270833333333333 0.22453703703703703 0.04479166666666667 0.09166666666666666
0 0.303125 0.22685185185185186 0.06458333333333334 0.10925925925925926
0 0.35703125 0.16296296296296298 0.0609375 0.05925925925925926
0 0.9002604166666667 0.9055555555555556 0.19427083333333334 0.18518518518518517
5 0.40130208333333334 0.2759259259259259 0.028645833333333332 0.1111111111111111
5 0.5911458333333334 0.2490740740740741 0.0375 0.14814814814814814
5 0.8421875 0.1439814814814815 0.020833333333333332 0.10462962962962963
5 0.8713541666666667 0.13240740740740742 0.010416666666666666 0.09259259259259259
5 0.9643229166666667 0.14027777777777778 0.016145833333333335 0.09166666666666666
4 0.5830729166666667 0.24861111111111112 0.04635416666666667 0.19166666666666668
4 0.47317708333333336 0.24259259259259258 0.03802083333333333 0.17777777777777778
4 0.7046875 0.1597222222222222 0.03125 0.1398148148148148
4 0.8265625 0.125 0.021875 0.11296296296296296
3 0.9684895833333333 0.09351851851851851 0.0609375 0.18518518518518517
3 0.9028645833333333 0.08101851851851852 0.0953125 0.15648148148148147
3 0.8651041666666667 0.08888888888888889 0.11354166666666667 0.15555555555555556
3 0.07552083333333333 0.2574074074074074 0.14583333333333334 0.32222222222222224
