5 0.6625 0.4349 0.0320 0.2178
5 0.1468 0.4004 0.0330 0.1732
2 0.0558 0.1878 0.0640 0.0735
2 0.01484375 0.3472222222222222 0.0296875 0.17037037037037037
2 0.546875 0.07685185185185185 0.07395833333333333 0.07407407407407407
2 0.11380208333333333 0.1587962962962963 0.0578125 0.0712962962962963
1 0.1921875 0.25462962962962965 0.052083333333333336 0.12777777777777777
1 0.10026041666666667 0.3402777777777778 0.1140625 0.21388888888888888
4 0.7447916666666666 0.3287037037037037 0.04479166666666667 0.2074074074074074
4 0.047135416666666666 0.3402777777777778 0.03177083333333333 0.1527777777777778
3 0.6489583333333333 0.12685185185185185 0.12708333333333333 0.24814814814814815
3 0.8690104166666667 0.25555555555555554 0.25364583333333335 0.44074074074074077
3 0.28515625 0.09259259259259259 0.19010416666666666 0.14814814814814814
3 0.38515625 0.2902777777777778 0.2911458333333333 0.5805555555555556
