5 0.7171 0.4467 0.0391 0.1924
5 0.5038 0.3635 0.0302 0.1831
3 0.7010416666666667 0.2708333333333333 0.14479166666666668 0.36944444444444446
3 0.33932291666666664 0.05416666666666667 0.1640625 0.10648148148148148
3 0.25416666666666665 0.37546296296296294 0.24375 0.47129629629629627
3 0.053125 0.26990740740740743 0.10625 0.225
3 0.19270833333333334 0.08472222222222223 0.09166666666666666 0.14166666666666666
2 0.425 0.02546296296296296 0.051041666666666666 0.04537037037037037
2 0.45078125 0.014814814814814815 0.028645833333333332 0.027777777777777776
2 0.49296875 0.04953703703703704 0.07760416666666667 0.09722222222222222
2 0.18776041666666668 0.14305555555555555 0.06927083333333334 0.14166666666666666
2 0.09817708333333333 0.24675925925925926 0.10989583333333333 0.19537037037037036
1 0.6622395833333333 0.07685185185185185 0.0609375 0.09074074074074075
5 0.6575520833333334 0.09259259259259259 0.0234375 0.037037037037037035
5 0.13723958333333333 0.25787037037037036 0.0296875 0.13055555555555556
4 0.43776041666666665 0.31851851851851853 0.049479166666666664 0.18333333333333332
4 0.62421875 0.19027777777777777 0.033854166666666664 0.16203703703703703
4 0.4830729166666667 0.06157407407407407 0.025520833333333333 0.10462962962962963
4 0.18151041666666667 0.20833333333333334 0.034895833333333334 0.1111111111111111
