2 0.4153645833333333 0.08564814814814815 0.05260416666666667 0.07314814814814814
2 0.17083333333333334 0.1837962962962963 0.109375 0.12129629629629629
2 0.44140625 0.2 0.07239583333333334 0.17222222222222222
2 0.3924479166666667 0.25787037037037036 0.11822916666666666 0.22685185185185186
2 0.5260416666666666 0.125 0.058333333333333334 0.08333333333333333
2 0.565625 0.20324074074074075 0.096875 0.16944444444444445
2 0.5916666666666667 0.05740740740740741 0.04895833333333333 0.06111111111111111
2 0.5895833333333333 0.10972222222222222 0.06041666666666667 0.09166666666666666
2 0.6247395833333333 0.15601851851851853 0.07552083333333333 0.14166666666666666
2 0.6885416666666667 0.2064814814814815 0.125 0.19444444444444445
2 0.68984375 0.0837962962962963 0.06822916666666666 0.09166666666666666
2 0.7059895833333333 0.12962962962962962 0.0609375 0.1111111111111111
2 0.7247395833333333 0.08703703703703704 0.034895833333333334 0.06296296296296296
2 0.7640625 0.11157407407407408 0.03854166666666667 0.09537037037037037
2 0.8135416666666667 0.12268518518518519 0.1 0.0787037037037037
2 0.8205729166666667 0.18333333333333332 0.13385416666666666 0.16111111111111112
2 0.79921875 0.08333333333333333 0.03697916666666667 0.04814814814814815
2 0.8375 0.09444444444444444 0.03958333333333333 0.07407407407407407
2 0.8697916666666666 0.11805555555555555 0.041666666666666664 0.0787037037037037
2 0.9322916666666666 0.13703703703703704 0.10520833333333333 0.13333333333333333
2 0.8885416666666667 0.08101851851851852 0.06979166666666667 0.04722222222222222
2 0.9494791666666667 0.09814814814814815 0.058333333333333334 0.08703703703703704
2 0.9916666666666667 0.1050925925925926 0.013541666666666667 0.0787037037037037
1 0.9296875 0.43333333333333335 0.134375 0.3333333333333333
0 0.22005208333333334 0.29212962962962963 0.044270833333333336 0.13055555555555556
0 0.25234375 0.26990740740740743 0.0546875 0.14166666666666666
0 0.29921875 0.2273148148148148 0.04010416666666667 0.1175925925925926
0 0.31666666666666665 0.2490740740740741 0.0375 0.1259259259259259
0 0.33255208333333336 0.21666666666666667 0.04114583333333333 0.1
0 0.33932291666666664 0.19444444444444445 0.033854166666666664 0.07407407407407407
0 0.35911458333333335 0.16574074074074074 0.0265625 0.04814814814814815
0 0.37447916666666664 0.15416666666666667 0.036458333333333336 0.058333333333333334
5 0.36614583333333334 0.31712962962962965 0.03229166666666667 0.1675925925925926
5 0.6028645833333334 0.23472222222222222 0.025520833333333333 0.14537037037037037
5 0.7200520833333334 0.2550925925925926 0.024479166666666666 0.1398148148148148
5 0.8854166666666666 0.2152777777777778 0.020833333333333332 0.1287037037037037
5 0.8643229166666667 0.12962962962962962 0.018229166666666668 0.04814814814814815
5 0.8854166666666666 0.12546296296296297 0.017708333333333333 0.06759259259259259
5 0.9846354166666667 0.12546296296296297 0.015104166666666667 0.08055555555555556
5 0.975 0.15694444444444444 0.0125 0.10462962962962963
4 0.7486979166666666 0.19305555555555556 0.03177083333333333 0.1675925925925926
4 0.8140625 0.19675925925925927 0.041666666666666664 0.1361111111111111
4 0.4828125 0.23564814814814813 0.03958333333333333 0.16574074074074074
3 0.93671875 0.05185185185185185 0.1234375 0.10185185185185185
3 0.8 0.020833333333333332 0.11979166666666667 0.041666666666666664
2 0.02578125 0.19398148148148148 0.050520833333333334 0.06759259259259259
