2 0.41015625 0.09537037037037037 0.059895833333333336 0.07962962962962963
2 0.44557291666666665 0.09953703703703703 0.0453125 0.058333333333333334
2 0.44921875 0.15324074074074073 0.0765625 0.11388888888888889
2 0.42578125 0.20925925925925926 0.08802083333333334 0.16111111111111112
2 0.3307291666666667 0.3013888888888889 0.16770833333333332 0.23055555555555557
2 0.1546875 0.19675925925925927 0.11979166666666667 0.13055555555555556
2 0.55 0.0962962962962963 0.05520833333333333 0.08333333333333333
2 0.5213541666666667 0.09861111111111111 0.04479166666666667 0.062037037037037036
2 0.5359375 0.15324074074074073 0.059375 0.10833333333333334
2 0.5669270833333333 0.20324074074074075 0.1078125 0.16574074074074074
2 0.7130208333333333 0.2375 0.13645833333333332 0.21574074074074073
2 0.66875 0.06805555555555555 0.034375 0.06018518518518518
2 0.7078125 0.0712962962962963 0.057291666666666664 0.07962962962962963
2 0.7080729166666667 0.041666666666666664 0.043229166666666666 0.04814814814814815
2 0.7330729166666666 0.06898148148148148 0.021354166666666667 0.06759259259259259
2 0.7109375 0.10740740740740741 0.06041666666666667 0.0962962962962963
2 0.6986979166666667 0.12824074074074074 0.04635416666666667 0.0712962962962963
2 0.5890625 0.1310185185185185 0.04375 0.0824074074074074
2 0.5817708333333333 0.10416666666666667 0.05416666666666667 0.08055555555555556
2 0.7588541666666667 0.08518518518518518 0.03854166666666667 0.07407407407407407
2 0.7940104166666667 0.09305555555555556 0.0578125 0.07685185185185185
2 0.8385416666666666 0.09953703703703703 0.03958333333333333 0.08981481481481482
2 0.8885416666666667 0.11574074074074074 0.06666666666666667 0.1
1 0.9502604166666667 0.11805555555555555 0.049479166666666664 0.09166666666666666
1 0.9885416666666667 0.10740740740740741 0.017708333333333333 0.07407407407407407
0 0.21276041666666667 0.28935185185185186 0.04635416666666667 0.13240740740740742
0 0.25729166666666664 0.2796296296296296 0.04479166666666667 0.12222222222222222
0 0.27682291666666664 0.24444444444444444 0.03697916666666667 0.0962962962962963
0 0.290625 0.22037037037037038 0.029166666666666667 0.07407407407407407
0 0.3026041666666667 0.20972222222222223 0.03229166666666667 0.05648148148148148
0 0.3203125 0.18564814814814815 0.041666666666666664 0.06574074074074074
0 0.37135416666666665 0.175 0.06145833333333333 0.05740740740740741
5 0.28020833333333334 0.3597222222222222 0.0375 0.16944444444444445
5 0.6026041666666667 0.23425925925925925 0.027083333333333334 0.14814814814814814
5 0.7682291666666666 0.2814814814814815 0.019791666666666666 0.14444444444444443
5 0.87109375 0.1486111111111111 0.0171875 0.10833333333333334
5 0.94609375 0.1425925925925926 0.013020833333333334 0.0962962962962963
5 0.9924479166666667 0.1476851851851852 0.009895833333333333 0.08981481481481482
4 0.47578125 0.25787037037037036 0.04635416666666667 0.18796296296296297
4 0.578125 0.21944444444444444 0.026041666666666668 0.1685185185185185
4 0.7041666666666667 0.12407407407407407 0.036458333333333336 0.06296296296296296
4 0.8229166666666666 0.1300925925925926 0.03229166666666667 0.10277777777777777
4 0.7919270833333333 0.1050925925925926 0.024479166666666666 0.10462962962962963
3 0.8630208333333333 0.44074074074074077 0.2708333333333333 0.5351851851851852
3 0.9619791666666667 0.10416666666666667 0.06666666666666667 0.09722222222222222
3 0.64375 0.13240740740740742 0.11666666666666667 0.22777777777777777
