2 0.8557291666666667 0.07314814814814814 0.0375 0.07222222222222222
2 0.8528645833333334 0.11388888888888889 0.04010416666666667 0.11666666666666667
2 0.9638020833333333 0.2814814814814815 0.0703125 0.2
2 0.9872395833333333 0.47453703703703703 0.022395833333333334 0.18611111111111112
2 0.8302083333333333 0.5046296296296297 0.31979166666666664 0.4425925925925926
2 0.38125 0.6291666666666667 0.5052083333333334 0.5472222222222223
2 0.0609375 0.2064814814814815 0.053125 0.17962962962962964
0 0.7421875 0.20555555555555555 0.06458333333333334 0.14814814814814814
5 0.22552083333333334 0.28055555555555556 0.03854166666666667 0.1814814814814815
5 0.4161458333333333 0.24768518518518517 0.029166666666666667 0.15833333333333333
5 0.10416666666666667 0.2935185185185185 0.027083333333333334 0.15925925925925927
3 0.48359375 0.06620370370370371 0.0453125 0.13055555555555556
3 0.684375 0.043055555555555555 0.12604166666666666 0.08611111111111111
3 0.8856770833333333 0.043055555555555555 0.1015625 0.08611111111111111
3 0.2046875 0.1597222222222222 0.2708333333333333 0.3175925925925926
3 0.909375 0.1398148148148148 0.12083333333333333 0.2351851851851852
