5 0.5143229166666666 0.37222222222222223 0.019270833333333334 0.1685185185185185
5 0.6895833333333333 0.46296296296296297 0.03229166666666667 0.18518518518518517
5 0.6755208333333333 0.1125 0.019791666666666666 0.08981481481481482
5 0.5036458333333333 0.09027777777777778 0.015625 0.09537037037037037
5 0.3338541666666667 0.0375 0.009375 0.075
3 0.35520833333333335 0.021296296296296296 0.051041666666666666 0.04259259259259259
3 0.3020833333333333 0.04953703703703704 0.07395833333333333 0.09722222222222222
2 0.20286458333333332 0.11296296296296296 0.0890625 0.1111111111111111
2 0.17526041666666667 0.1449074074074074 0.05677083333333333 0.1175925925925926
2 0.05260416666666667 0.23287037037037037 0.075 0.15462962962962962
2 0.18671875 0.25046296296296294 0.16614583333333333 0.18981481481481483
2 0.5015625 0.07361111111111111 0.07083333333333333 0.1287037037037037
2 0.45338541666666665 0.021296296296296296 0.05572916666666667 0.04259259259259259
2 0.4348958333333333 0.11064814814814815 0.07395833333333333 0.15833333333333333
2 0.43828125 0.24027777777777778 0.13802083333333334 0.23425925925925925
2 0.6893229166666667 0.3458333333333333 0.1328125 0.30277777777777776
1 0.6479166666666667 0.08472222222222223 0.08229166666666667 0.14166666666666666
3 0.030729166666666665 0.26342592592592595 0.06145833333333333 0.225
