2 0.6280 0.0593 0.0559 0.0761
1 0.5791 0.0987 0.0575 0.0832
1 0.0193 0.3160 0.0423 0.1511
2 0.07526041666666666 0.29953703703703705 0.12135416666666667 0.1527777777777778
2 0.21354166666666666 0.19675925925925927 0.05520833333333333 0.06574074074074074
2 0.012239583333333333 0.37037037037037035 0.0234375 0.1111111111111111
2 0.08697916666666666 0.46805555555555556 0.17291666666666666 0.36018518518518516
2 0.20755208333333333 0.30462962962962964 0.07239583333333334 0.22407407407407406
1 0.65078125 0.10277777777777777 0.05260416666666667 0.08703703703703704
1 0.1875 0.2263888888888889 0.053125 0.07685185185185185
1 0.22005208333333334 0.19537037037037036 0.044270833333333336 0.07222222222222222
1 0.09869791666666666 0.29212962962962963 0.0984375 0.1175925925925926
5 0.5760416666666667 0.47129629629629627 0.035416666666666666 0.2222222222222222
4 0.6645833333333333 0.38472222222222224 0.06875 0.24166666666666667
3 0.3578125 0.3138888888888889 0.31145833333333334 0.6277777777777778
3 0.5072916666666667 0.13657407407407407 0.05520833333333333 0.27314814814814814
3 0.5638020833333334 0.3351851851851852 0.16614583333333333 0.42407407407407405
3 0.8546875 0.2935185185185185 0.2875 0.587037037037037
