2 0.853125 0.20902777777777778 0.04375 0.04861111111111111
2 0.879296875 0.2298611111111111 0.05703125 0.0625
2 0.707421875 0.15694444444444444 0.05859375 0.05
2 0.24140625 0.12430555555555556 0.0734375 0.07083333333333333
2 0.310546875 0.11319444444444444 0.06484375 0.0375
2 0.501953125 0.19444444444444445 0.05546875 0.09166666666666666
1 0.236328125 0.16041666666666668 0.05859375 0.08472222222222223
1 0.4125 0.1076388888888889 0.040625 0.04027777777777778
1 0.44609375 0.10486111111111111 0.0375 0.0375
1 0.66484375 0.22430555555555556 0.075 0.1736111111111111
5 0.49765625 0.29791666666666666 0.0203125 0.13472222222222222
4 0.395703125 0.21388888888888888 0.02734375 0.12777777777777777
3 0.430078125 0.18194444444444444 0.12265625 0.1527777777777778
3 0.54375 0.22916666666666666 0.134375 0.225
3 0.756640625 0.2826388888888889 0.18359375 0.27361111111111114
3 0.288671875 0.18888888888888888 0.13046875 0.19444444444444445
2 0.841015625 0.25972222222222224 0.03515625 0.075
