2 0.43359375 0.11898148148148148 0.0578125 0.09351851851851851
2 0.17682291666666666 0.18888888888888888 0.1078125 0.12777777777777777
2 0.5291666666666667 0.14166666666666666 0.058333333333333334 0.07407407407407407
2 0.5731770833333333 0.1125 0.06614583333333333 0.08981481481481482
2 0.5682291666666667 0.20046296296296295 0.11666666666666667 0.15462962962962962
2 0.6075520833333333 0.15416666666666667 0.0765625 0.12314814814814815
2 0.68046875 0.19444444444444445 0.1328125 0.17962962962962964
2 0.6752604166666667 0.09907407407407408 0.07135416666666666 0.10925925925925926
2 0.7140625 0.10833333333333334 0.05520833333333333 0.12037037037037036
2 0.7971354166666667 0.16064814814814815 0.11927083333333334 0.1638888888888889
2 0.8221354166666667 0.13472222222222222 0.0828125 0.10648148148148148
2 0.8963541666666667 0.2523148148148148 0.171875 0.20277777777777778
2 0.8958333333333334 0.10601851851851851 0.06666666666666667 0.09351851851851851
1 0.88359375 0.13148148148148148 0.0609375 0.12222222222222222
0 0.215625 0.28703703703703703 0.052083333333333336 0.14629629629629629
0 0.24609375 0.275 0.058854166666666666 0.1388888888888889
0 0.28098958333333335 0.24027777777777778 0.0640625 0.12685185185185185
0 0.32109375 0.21388888888888888 0.0609375 0.1388888888888889
0 0.95703125 0.9222222222222223 0.07760416666666667 0.15185185185185185
5 0.4192708333333333 0.2675925925925926 0.025 0.15
5 0.6119791666666666 0.24027777777777778 0.028125 0.1361111111111111
5 0.7372395833333333 0.2300925925925926 0.016145833333333335 0.13240740740740742
5 0.9216145833333333 0.13703703703703704 0.0140625 0.09814814814814815
4 0.7018229166666666 0.12824074074074074 0.025520833333333333 0.06388888888888888
3 0.7171875 0.05277777777777778 0.06666666666666667 0.1
3 0.9291666666666667 0.09305555555555556 0.13854166666666667 0.18055555555555555
