2 0.274609375 0.18680555555555556 0.10078125 0.11805555555555555
2 0.30546875 0.2048611111111111 0.0875 0.11805555555555555
2 0.435546875 0.19375 0.11796875 0.1125
2 0.519921875 0.19027777777777777 0.09921875 0.10833333333333334
2 0.70390625 0.17430555555555555 0.071875 0.0763888888888889
2 0.750390625 0.18611111111111112 0.04921875 0.058333333333333334
2 0.794140625 0.20694444444444443 0.05078125 0.058333333333333334
2 0.837109375 0.20972222222222223 0.06328125 0.06111111111111111
5 0.558984375 0.2875 0.01640625 0.11666666666666667
5 0.2609375 0.21736111111111112 0.0203125 0.10138888888888889
4 0.65703125 0.2861111111111111 0.0265625 0.1111111111111111
