2 0.020833333333333332 0.225 0.041666666666666664 0.07962962962962963
2 0.03984375 0.2740740740740741 0.07864583333333333 0.10185185185185185
2 0.47994791666666664 0.07592592592592592 0.07447916666666667 0.07222222222222222
2 0.33255208333333336 0.15555555555555556 0.09427083333333333 0.06481481481481481
2 0.25104166666666666 0.1935185185185185 0.071875 0.07962962962962963
2 0.19895833333333332 0.22037037037037038 0.06666666666666667 0.07407407407407407
2 0.21901041666666668 0.2513888888888889 0.10989583333333333 0.12129629629629629
2 0.2596354166666667 0.21481481481481482 0.050520833333333334 0.09814814814814815
2 0.0953125 0.2740740740740741 0.09166666666666666 0.14629629629629629
1 0.039322916666666666 0.3435185185185185 0.07760416666666667 0.10740740740740741
3 0.4981770833333333 0.5282407407407408 0.9953125 0.9324074074074075
