2 0.9671875 0.3277777777777778 0.0625 0.07407407407407407
2 0.7880208333333333 0.26296296296296295 0.096875 0.09444444444444444
2 0.76953125 0.22824074074074074 0.0453125 0.08055555555555556
2 0.80234375 0.225 0.043229166666666666 0.04814814814814815
2 0.6265625 0.14675925925925926 0.051041666666666666 0.06574074074074074
2 0.6489583333333333 0.18703703703703703 0.0625 0.08518518518518518
2 0.5901041666666667 0.21203703703703702 0.08125 0.11296296296296296
2 0.5729166666666666 0.11527777777777778 0.06145833333333333 0.058333333333333334
0 0.029947916666666668 0.6833333333333333 0.058854166666666666 0.3333333333333333
5 0.7546875 0.5662037037037037 0.041666666666666664 0.21944444444444444
5 0.7432291666666667 0.38842592592592595 0.028125 0.14722222222222223
5 0.68984375 0.23796296296296296 0.016145833333333335 0.07407407407407407
5 0.6606770833333333 0.29583333333333334 0.018229166666666668 0.10648148148148148
5 0.5979166666666667 0.13842592592592592 0.010416666666666666 0.06759259259259259
4 0.5567708333333333 0.13240740740740742 0.025 0.06666666666666667
4 0.7184895833333333 0.2300925925925926 0.028645833333333332 0.10648148148148148
3 0.8888020833333333 0.5625 0.21927083333333333 0.4305555555555556
3 0.9700520833333334 0.37962962962962965 0.0578125 0.12962962962962962
3 0.89296875 0.30694444444444446 0.13385416666666666 0.22870370370370371
3 0.8028645833333333 0.2037037037037037 0.07239583333333334 0.08703703703703704
3 0.3828125 0.3731481481481482 0.25729166666666664 0.6537037037037037
