5 0.3784 0.4499 0.0367 0.1877
5 0.6889 0.4084 0.0359 0.1946
2 0.4147 0.3316 0.1312 0.3150
2 0.6474 0.0911 0.0691 0.1437
2 0.2719 0.1036 0.0992 0.1203
2 0.0416 0.2456 0.0794 0.1476
2 0.4599 0.0141 0.0452 0.0308
2 0.4952 0.0726 0.0643 0.1401
3 0.37552083333333336 0.02546296296296296 0.09166666666666666 0.05092592592592592
3 0.29348958333333336 0.03888888888888889 0.06510416666666667 0.07592592592592592
2 0.5072916666666667 0.043055555555555555 0.06458333333333334 0.08425925925925926
2 0.17864583333333334 0.10138888888888889 0.06041666666666667 0.08055555555555556
2 0.19453125 0.1537037037037037 0.0828125 0.13703703703703704
5 0.6510416666666666 0.12037037037037036 0.019791666666666666 0.1037037037037037
5 0.49140625 0.1111111111111111 0.0171875 0.09814814814814815
