2 0.9510416666666667 0.85 0.09479166666666666 0.2962962962962963
2 0.9013020833333333 0.44722222222222224 0.0734375 0.14444444444444443
2 0.8317708333333333 0.3875 0.08229166666666667 0.19907407407407407
2 0.71875 0.475462962962963 0.26458333333333334 0.35833333333333334
2 0.7434895833333334 0.18472222222222223 0.050520833333333334 0.07685185185185185
2 0.428125 0.1439814814814815 0.15104166666666666 0.23981481481481481
2 0.47213541666666664 0.046296296296296294 0.0953125 0.09074074074074075
1 0.28984375 0.2847222222222222 0.22135416666666666 0.4546296296296296
5 0.18046875 0.08425925925925926 0.034895833333333334 0.1685185185185185
4 0.9533854166666667 0.8875 0.09010416666666667 0.19537037037037036
3 0.6684895833333333 0.12361111111111112 0.13489583333333333 0.24537037037037038
