5 0.6173 0.4149 0.0303 0.2066
5 0.5058 0.3410 0.0222 0.1643
3 0.0884 0.1923 0.1818 0.3219
2 0.4457 0.2279 0.1219 0.2386
1 0.6803 0.2836 0.0906 0.2270
5 0.23255208333333333 0.11527777777777778 0.018229166666666668 0.09351851851851851
5 0.47265625 0.1125 0.022395833333333334 0.058333333333333334
5 0.6302083333333334 0.07592592592592592 0.014583333333333334 0.08518518518518518
3 0.47890625 0.09074074074074075 0.09739583333333333 0.1814814814814815
3 0.29296875 0.056018518518518516 0.059895833333333336 0.11018518518518519
2 0.4627604166666667 0.0375 0.043229166666666666 0.07314814814814814
2 0.4421875 0.022222222222222223 0.03854166666666667 0.044444444444444446
