2 0.430859375 0.10138888888888889 0.05859375 0.05555555555555555
2 0.494140625 0.11597222222222223 0.04609375 0.05694444444444444
2 0.570703125 0.15416666666666667 0.06953125 0.06388888888888888
2 0.63671875 0.13680555555555557 0.0328125 0.05138888888888889
2 0.79609375 0.20833333333333334 0.05 0.06388888888888888
2 0.38984375 0.16180555555555556 0.0796875 0.10138888888888889
2 0.4265625 0.1951388888888889 0.1046875 0.12083333333333333
2 0.33046875 0.11527777777777778 0.0421875 0.058333333333333334
2 0.2484375 0.1736111111111111 0.059375 0.10277777777777777
2 0.29140625 0.19930555555555557 0.1265625 0.14027777777777778
1 0.655859375 0.14722222222222223 0.04296875 0.05555555555555555
1 0.37890625 0.10138888888888889 0.0265625 0.05555555555555555
1 0.398046875 0.10416666666666667 0.03515625 0.041666666666666664
5 0.54609375 0.26666666666666666 0.025 0.13333333333333333
5 0.290625 0.21666666666666667 0.0234375 0.10833333333333334
4 0.3921875 0.21736111111111112 0.0390625 0.12083333333333333
2 0.73984375 0.16597222222222222 0.0671875 0.07361111111111111
