2 0.5404 0.0556 0.0564 0.0571
2 0.5104166666666666 0.15416666666666667 0.059375 0.125
2 0.5572916666666666 0.20925925925925926 0.11770833333333333 0.12222222222222222
2 0.5588541666666667 0.3175925925925926 0.128125 0.2074074074074074
2 0.23463541666666668 0.15324074074074073 0.0796875 0.09166666666666666
2 0.24427083333333333 0.2199074074074074 0.090625 0.1287037037037037
2 0.2557291666666667 0.2851851851851852 0.07604166666666666 0.19814814814814816
2 0.040625 0.2537037037037037 0.07916666666666666 0.10925925925925926
2 0.08333333333333333 0.2773148148148148 0.11458333333333333 0.11388888888888889
2 0.12291666666666666 0.3875 0.0875 0.21574074074074073
2 0.06458333333333334 0.3851851851851852 0.128125 0.2722222222222222
1 0.03828125 0.18472222222222223 0.05677083333333333 0.06759259259259259
5 0.062239583333333334 0.49722222222222223 0.043229166666666666 0.17777777777777778
5 0.6059895833333333 0.4726851851851852 0.027604166666666666 0.22870370370370371
4 0.7359375 0.6143518518518518 0.08645833333333333 0.30277777777777776
4 0.6708333333333333 0.32083333333333336 0.059375 0.21388888888888888
3 0.3736979166666667 0.2935185185185185 0.23177083333333334 0.5296296296296297
3 0.47317708333333336 0.18333333333333332 0.04114583333333333 0.3055555555555556
