5 0.0345 0.5456 0.0570 0.2096
5 0.6776 0.4151 0.0287 0.2096
2 0.6213541666666667 0.0962962962962963 0.05 0.08703703703703704
2 0.31588541666666664 0.20324074074074075 0.09010416666666667 0.14907407407407408
2 0.21197916666666666 0.22361111111111112 0.103125 0.1287037037037037
2 0.26666666666666666 0.2675925925925926 0.10104166666666667 0.18518518518518517
2 0.12526041666666668 0.40694444444444444 0.10260416666666666 0.27685185185185185
2 0.07265625 0.2449074074074074 0.07447916666666667 0.12685185185185185
2 0.02265625 0.29305555555555557 0.043229166666666666 0.1175925925925926
2 0.08333333333333333 0.2967592592592593 0.11770833333333333 0.1824074074074074
2 0.01875 0.3625 0.036458333333333336 0.16574074074074074
1 0.6583333333333333 0.09212962962962963 0.041666666666666664 0.075
4 0.7388020833333333 0.3175925925925926 0.0296875 0.22037037037037038
4 0.2546875 0.39675925925925926 0.041666666666666664 0.2175925925925926
4 0.13098958333333333 0.4027777777777778 0.04114583333333333 0.19444444444444445
4 0.061197916666666664 0.4666666666666667 0.0515625 0.21851851851851853
3 0.41380208333333335 0.14814814814814814 0.12447916666666667 0.17222222222222222
