5 0.3926 0.3404 0.0415 0.1825
5 0.5463 0.2594 0.0231 0.1677
5 0.7135 0.2254 0.0236 0.1515
5 0.7997 0.1846 0.0205 0.0928
2 0.4307 0.1127 0.0580 0.0988
2 0.17213541666666668 0.19027777777777777 0.0953125 0.1175925925925926
2 0.51484375 0.09814814814814815 0.043229166666666666 0.1
2 0.5567708333333333 0.11388888888888889 0.071875 0.13148148148148148
2 0.6065104166666667 0.14027777777777778 0.06510416666666667 0.10092592592592593
2 0.6549479166666666 0.18796296296296297 0.12552083333333333 0.17962962962962964
2 0.6809895833333334 0.07592592592592592 0.050520833333333334 0.06666666666666667
2 0.6783854166666666 0.11898148148148148 0.0578125 0.10277777777777777
2 0.7497395833333333 0.1300925925925926 0.0703125 0.11018518518518519
1 0.8002604166666667 0.12222222222222222 0.11614583333333334 0.16111111111111112
0 0.21458333333333332 0.2884259259259259 0.06145833333333333 0.14351851851851852
0 0.24609375 0.2726851851851852 0.0546875 0.1398148148148148
0 0.27578125 0.2675925925925926 0.06510416666666667 0.15
0 0.32760416666666664 0.2199074074074074 0.052083333333333336 0.10277777777777777
0 0.95390625 0.925 0.07864583333333333 0.13703703703703704
5 0.8611979166666667 0.15601851851851853 0.016145833333333335 0.10648148148148148
5 0.9247395833333333 0.13148148148148148 0.016145833333333335 0.1037037037037037
4 0.6885416666666667 0.13657407407407407 0.03125 0.08425925925925926
3 0.7161458333333334 0.06944444444444445 0.06458333333333334 0.13703703703703704
3 0.9364583333333333 0.08009259259259259 0.12395833333333334 0.16018518518518518
3 0.96640625 0.22824074074074074 0.06510416666666667 0.28055555555555556
3 0.020572916666666666 0.20972222222222223 0.04010416666666667 0.15648148148148147
