2 0.9505208333333334 0.8569444444444444 0.09375 0.2824074074074074
2 0.90078125 0.4462962962962963 0.06614583333333333 0.13703703703703704
2 0.8286458333333333 0.3597222222222222 0.07708333333333334 0.1527777777777778
2 0.8190104166666666 0.5259259259259259 0.2078125 0.31851851851851853
2 0.7190104166666667 0.225 0.06927083333333334 0.11851851851851852
2 0.6559895833333333 0.15601851851851853 0.08489583333333334 0.14166666666666666
2 0.609375 0.17824074074074073 0.078125 0.1935185185185185
2 0.4192708333333333 0.14629629629629629 0.17083333333333334 0.24444444444444444
5 0.171875 0.10092592592592593 0.03229166666666667 0.18333333333333332
5 0.37526041666666665 0.05925925925925926 0.033854166666666664 0.11851851851851852
5 0.88828125 0.6814814814814815 0.0484375 0.1111111111111111
4 0.3380208333333333 0.18703703703703703 0.065625 0.2462962962962963
4 0.74296875 0.2902777777777778 0.0453125 0.12129629629629629
4 0.8809895833333333 0.41435185185185186 0.044270833333333336 0.09166666666666666
4 0.81484375 0.31851851851851853 0.0359375 0.1
3 0.6453125 0.6185185185185185 0.6770833333333334 0.7555555555555555
3 0.7447916666666666 0.1638888888888889 0.06666666666666667 0.10925925925925926
