5 0.7784 0.2763 0.0275 0.1573
5 0.5404 0.2423 0.0214 0.1248
2 0.3654 0.2850 0.1439 0.2380
2 0.6275 0.1664 0.0928 0.1297
2 0.7242 0.2281 0.1435 0.2000
2 0.9080 0.2828 0.1273 0.2351
2 0.6755 0.0909 0.0631 0.0828
2 0.1650 0.1811 0.0868 0.1035
1 0.8984375 0.08101851851851852 0.027083333333333334 0.04722222222222222
0 0.38203125 0.1597222222222222 0.0328125 0.05277777777777778
0 0.35390625 0.16944444444444445 0.03697916666666667 0.053703703703703705
0 0.3307291666666667 0.18564814814814815 0.040625 0.05277777777777778
0 0.3171875 0.21388888888888888 0.05 0.07407407407407407
0 0.3046875 0.2273148148148148 0.03229166666666667 0.06018518518518518
0 0.28411458333333334 0.25092592592592594 0.05572916666666667 0.11296296296296296
0 0.22447916666666667 0.275 0.052083333333333336 0.08703703703703704
0 0.25494791666666666 0.26666666666666666 0.03802083333333333 0.11296296296296296
0 0.28932291666666665 0.26666666666666666 0.05260416666666667 0.08333333333333333
0 0.1578125 0.22268518518518518 0.040625 0.0824074074074074
0 0.09088541666666666 0.21712962962962962 0.04635416666666667 0.08055555555555556
5 0.47265625 0.3 0.027604166666666666 0.16296296296296298
5 0.8859375 0.1486111111111111 0.017708333333333333 0.10833333333333334
5 0.9864583333333333 0.15833333333333333 0.010416666666666666 0.10185185185185185
5 0.7869791666666667 0.17407407407407408 0.014583333333333334 0.10185185185185185
4 0.45364583333333336 0.2773148148148148 0.035416666666666666 0.17314814814814813
4 0.5294270833333333 0.24537037037037038 0.034895833333333334 0.14629629629629629
4 0.8098958333333334 0.10601851851851851 0.020833333333333332 0.08981481481481482
2 0.43046875 0.08888888888888889 0.050520833333333334 0.06666666666666667
2 0.45703125 0.0699074074074074 0.05364583333333333 0.06944444444444445
2 0.7127604166666667 0.11388888888888889 0.06510416666666667 0.0962962962962963
2 0.012760416666666666 0.21388888888888888 0.0234375 0.08703703703703704
2 0.029427083333333333 0.28564814814814815 0.05677083333333333 0.1398148148148148
2 0.025 0.19675925925925927 0.034375 0.05648148148148148
2 0.978125 0.0912037037037037 0.041666666666666664 0.0712962962962963
2 0.9611979166666667 0.10694444444444444 0.0640625 0.10462962962962963
2 0.9369791666666667 0.1388888888888889 0.10208333333333333 0.12777777777777777
2 0.8809895833333333 0.10416666666666667 0.0703125 0.11018518518518519
2 0.7981770833333334 0.09907407407407408 0.06197916666666667 0.11296296296296296
