2 0.0349 0.2871 0.0705 0.1934
5 0.57578125 0.0824074074074074 0.008854166666666666 0.07962962962962963
5 0.6138020833333333 0.06527777777777778 0.0078125 0.09351851851851851
5 0.40520833333333334 0.055092592592592596 0.010416666666666666 0.06944444444444445
5 0.16432291666666668 0.21064814814814814 0.0109375 0.10277777777777777
5 0.10390625 0.17407407407407408 0.013020833333333334 0.08888888888888889
3 0.05182291666666667 0.17037037037037037 0.05260416666666667 0.1037037037037037
3 0.09713541666666667 0.12037037037037036 0.07760416666666667 0.1259259259259259
3 0.12109375 0.1287037037037037 0.06822916666666666 0.10925925925925926
3 0.21197916666666666 0.053703703703703705 0.030208333333333334 0.07222222222222222
2 0.26119791666666664 0.06481481481481481 0.03177083333333333 0.06666666666666667
2 0.30546875 0.05787037037037037 0.0234375 0.06759259259259259
2 0.38723958333333336 0.16527777777777777 0.05364583333333333 0.1675925925925926
2 0.30104166666666665 0.12685185185185185 0.03854166666666667 0.1037037037037037
2 0.23541666666666666 0.3458333333333333 0.159375 0.31574074074074077
2 0.4973958333333333 0.0699074074074074 0.029166666666666667 0.09166666666666666
2 0.39505208333333336 0.052314814814814814 0.03802083333333333 0.09351851851851851
2 0.25833333333333336 0.10185185185185185 0.027083333333333334 0.07592592592592592
0 0.3138020833333333 0.30787037037037035 0.07552083333333333 0.18796296296296297
0 0.9606770833333333 0.3416666666666667 0.07552083333333333 0.12777777777777777
0 0.9591145833333333 0.3800925925925926 0.07864583333333333 0.13055555555555556
0 0.9505208333333334 0.41898148148148145 0.09375 0.15648148148148147
