5 0.5971354166666667 0.3472222222222222 0.0234375 0.18703703703703703
5 0.13854166666666667 0.4305555555555556 0.0375 0.17222222222222222
4 0.25625 0.38935185185185184 0.042708333333333334 0.25092592592592594
4 0.6630208333333333 0.3074074074074074 0.03958333333333333 0.10925925925925926
3 0.5916666666666667 0.06296296296296296 0.11354166666666667 0.12407407407407407
3 0.7057291666666666 0.13796296296296295 0.25104166666666666 0.2740740740740741
3 0.8455729166666667 0.5333333333333333 0.30572916666666666 0.9259259259259259
3 0.25234375 0.17175925925925925 0.1953125 0.31203703703703706
3 0.08203125 0.32731481481481484 0.1640625 0.49722222222222223
3 0.3703125 0.2861111111111111 0.28958333333333336 0.5666666666666667
3 0.4583333333333333 0.14953703703703702 0.11666666666666667 0.2935185185185185
