5 0.6782 0.4831 0.0408 0.2364
3 0.4518 0.0488 0.1895 0.1000
2 0.2578 0.1106 0.0712 0.0674
2 0.0107 0.2050 0.0241 0.0711
2 0.05182291666666667 0.17731481481481481 0.05260416666666667 0.0787037037037037
2 0.22838541666666667 0.32222222222222224 0.12760416666666666 0.22407407407407406
2 0.03828125 0.325 0.07552083333333333 0.17037037037037037
2 0.08697916666666666 0.4699074074074074 0.171875 0.3416666666666667
4 0.26328125 0.3925925925925926 0.05364583333333333 0.21851851851851853
4 0.09869791666666666 0.49722222222222223 0.06614583333333333 0.2388888888888889
4 0.05963541666666667 0.6388888888888888 0.06302083333333333 0.2611111111111111
3 0.40520833333333334 0.2828703703703704 0.240625 0.4898148148148148
1 0.05130208333333333 0.34953703703703703 0.10260416666666666 0.14351851851851852
