5 0.8545 0.6413 0.0552 0.2253
2 0.7223958333333333 0.15 0.027083333333333334 0.040740740740740744
2 0.684375 0.19444444444444445 0.03958333333333333 0.08333333333333333
2 0.6252604166666667 0.19027777777777777 0.09010416666666667 0.09537037037037037
2 0.5497395833333333 0.22268518518518518 0.12447916666666667 0.12685185185185185
5 0.6828125 0.2652777777777778 0.019791666666666666 0.10648148148148148
5 0.6565104166666667 0.28564814814814815 0.0265625 0.10462962962962963
5 0.6244791666666667 0.21805555555555556 0.010416666666666666 0.10462962962962963
4 0.64140625 0.21712962962962962 0.0234375 0.10277777777777777
4 0.6973958333333333 0.24814814814814815 0.027083333333333334 0.10185185185185185
4 0.5940104166666667 0.15648148148148147 0.022395833333333334 0.06851851851851852
4 0.5283854166666667 0.14212962962962963 0.033854166666666664 0.08611111111111111
3 0.8135416666666667 0.45092592592592595 0.37083333333333335 0.6555555555555556
