2 0.9455729166666667 0.6398148148148148 0.10677083333333333 0.29814814814814816
2 0.6291666666666667 0.13472222222222222 0.0375 0.041666666666666664
2 0.6390625 0.14537037037037037 0.035416666666666666 0.05
2 0.9130208333333333 0.27361111111111114 0.0375 0.05462962962962963
0 0.03515625 0.6652777777777777 0.06822916666666666 0.4046296296296296
5 0.5713541666666667 0.17592592592592593 0.015625 0.06851851851851852
5 0.6927083333333334 0.24027777777777778 0.010416666666666666 0.05648148148148148
5 0.6684895833333333 0.275 0.011979166666666667 0.07407407407407407
5 0.6390625 0.325 0.01875 0.1259259259259259
5 0.6229166666666667 0.21388888888888888 0.014583333333333334 0.08333333333333333
5 0.8330729166666667 0.6171296296296296 0.043229166666666666 0.2101851851851852
4 0.5325520833333334 0.11527777777777778 0.018229166666666668 0.058333333333333334
4 0.584375 0.13472222222222222 0.013541666666666667 0.06388888888888888
3 0.59296875 0.11296296296296296 0.05572916666666667 0.08518518518518518
3 0.5520833333333334 0.10231481481481482 0.05520833333333333 0.09351851851851851
3 0.49322916666666666 0.11805555555555555 0.06145833333333333 0.10462962962962963
3 0.9661458333333334 0.8699074074074075 0.06458333333333334 0.2564814814814815
3 0.8747395833333333 0.4199074074074074 0.2421875 0.39351851851851855
3 0.9533854166666667 0.2814814814814815 0.09010416666666667 0.08703703703703704
3 0.8770833333333333 0.2375 0.06458333333333334 0.10462962962962963
3 0.7799479166666666 0.1986111111111111 0.07552083333333333 0.0824074074074074
3 0.7369791666666666 0.3226851851851852 0.178125 0.23981481481481481
1 0.8151041666666666 0.21898148148148147 0.042708333333333334 0.06759259259259259
1 0.65625 0.21898148148148147 0.08020833333333334 0.1175925925925926
1 0.7364583333333333 0.23472222222222222 0.07916666666666666 0.09351851851851851
