5 0.6176 0.3529 0.0420 0.2026
3 0.5895833333333333 0.08333333333333333 0.09479166666666666 0.1648148148148148
3 0.7138020833333333 0.1388888888888889 0.23802083333333332 0.2759259259259259
3 0.79921875 0.5324074074074074 0.39947916666666666 0.9277777777777778
3 0.38385416666666666 0.26944444444444443 0.24895833333333334 0.5388888888888889
3 0.23645833333333333 0.15185185185185185 0.13958333333333334 0.26851851851851855
3 0.08177083333333333 0.3101851851851852 0.16145833333333334 0.4925925925925926
2 0.50625 0.06388888888888888 0.046875 0.08703703703703704
4 0.7328125 0.25972222222222224 0.035416666666666666 0.14907407407407408
4 0.06171875 0.725 0.08697916666666666 0.29074074074074074
