2 0.3370 0.0889 0.0658 0.0615
2 0.2348 0.1181 0.0547 0.0628
2 0.5539 0.0606 0.0584 0.0647
2 0.2658 0.1029 0.0371 0.0516
1 0.24739583333333334 0.19212962962962962 0.059375 0.06944444444444445
1 0.028125 0.2953703703703704 0.05625 0.12407407407407407
1 0.09739583333333333 0.23796296296296296 0.06875 0.08333333333333333
1 0.18567708333333333 0.22685185185185186 0.043229166666666666 0.07407407407407407
5 0.0067708333333333336 0.6606481481481481 0.0125 0.10462962962962963
5 0.6177083333333333 0.4305555555555556 0.03958333333333333 0.08518518518518518
4 0.6611979166666667 0.3101851851851852 0.033854166666666664 0.2351851851851852
4 0.23776041666666667 0.3939814814814815 0.05364583333333333 0.21574074074074073
4 0.5638020833333334 0.6106481481481482 0.06197916666666667 0.3435185185185185
4 0.51875 0.6361111111111111 0.06145833333333333 0.32037037037037036
4 0.49765625 0.5944444444444444 0.0453125 0.08518518518518518
4 0.4778645833333333 0.6472222222222223 0.0515625 0.1
4 0.48203125 0.750462962962963 0.06614583333333333 0.1175925925925926
4 0.5276041666666667 0.85 0.05520833333333333 0.08333333333333333
4 0.5518229166666667 0.9268518518518518 0.07447916666666667 0.1259259259259259
3 0.8489583333333334 0.23981481481481481 0.26145833333333335 0.4444444444444444
3 0.6872395833333333 0.1412037037037037 0.1328125 0.24166666666666667
3 0.6177083333333333 0.10648148148148148 0.05416666666666667 0.1685185185185185
3 0.56796875 0.09351851851851851 0.10885416666666667 0.10185185185185185
3 0.5825520833333333 0.33564814814814814 0.15364583333333334 0.44907407407407407
3 0.4505208333333333 0.13148148148148148 0.1 0.1648148148148148
3 0.37083333333333335 0.3277777777777778 0.234375 0.40555555555555556
3 0.08619791666666667 0.4199074074074074 0.17135416666666667 0.4287037037037037
2 0.059375 0.28425925925925927 0.08854166666666667 0.1
2 0.08463541666666667 0.23333333333333334 0.0921875 0.07407407407407407
2 0.19973958333333333 0.20601851851851852 0.06822916666666666 0.08055555555555556
2 0.28151041666666665 0.18703703703703703 0.050520833333333334 0.09444444444444444
2 0.23098958333333333 0.29583333333333334 0.12135416666666667 0.21944444444444444
2 0.31223958333333335 0.22361111111111112 0.0703125 0.15092592592592594
2 0.3611979166666667 0.1726851851851852 0.06614583333333333 0.10092592592592593
