5 0.4635 0.3163 0.0248 0.1442
2 0.4231770833333333 0.08703703703703704 0.0609375 0.08518518518518518
2 0.4708333333333333 0.14814814814814814 0.059375 0.13703703703703704
2 0.44140625 0.20972222222222223 0.08697916666666666 0.14351851851851852
2 0.3684895833333333 0.26990740740740743 0.14322916666666666 0.23796296296296296
2 0.15078125 0.20416666666666666 0.11302083333333333 0.11018518518518519
2 0.5674479166666667 0.1837962962962963 0.11510416666666666 0.1787037037037037
2 0.565625 0.1 0.06041666666666667 0.05925925925925926
2 0.5994791666666667 0.12731481481481483 0.06458333333333334 0.12685185185185185
2 0.6497395833333334 0.17407407407407408 0.07864583333333333 0.17222222222222222
2 0.6825520833333333 0.11805555555555555 0.07135416666666666 0.09166666666666666
2 0.6864583333333333 0.07453703703703704 0.059375 0.075
2 0.7200520833333334 0.075 0.04010416666666667 0.0962962962962963
2 0.7174479166666666 0.2324074074074074 0.1390625 0.18888888888888888
2 0.7526041666666666 0.09768518518518518 0.06875 0.08055555555555556
2 0.7729166666666667 0.16296296296296298 0.08125 0.16666666666666666
2 0.8205729166666667 0.13796296296296295 0.10052083333333334 0.14814814814814814
2 0.8505208333333333 0.12037037037037036 0.090625 0.11851851851851852
2 0.875 0.11157407407407408 0.08229166666666667 0.10462962962962963
2 0.9447916666666667 0.14074074074074075 0.1 0.12407407407407407
1 0.90078125 0.08101851851851852 0.05260416666666667 0.05277777777777778
1 0.94296875 0.0837962962962963 0.050520833333333334 0.05648148148148148
1 0.9796875 0.10601851851851851 0.0375 0.08981481481481482
0 0.21484375 0.2847222222222222 0.0609375 0.15833333333333333
0 0.29270833333333335 0.20925925925925926 0.03333333333333333 0.08703703703703704
0 0.3026041666666667 0.25416666666666665 0.03958333333333333 0.07685185185185185
0 0.32421875 0.2050925925925926 0.025520833333333333 0.06944444444444445
0 0.3372395833333333 0.18287037037037038 0.03177083333333333 0.04537037037037037
0 0.3580729166666667 0.16064814814814815 0.0234375 0.05092592592592592
5 0.59609375 0.24027777777777778 0.018229166666666668 0.1398148148148148
5 0.76015625 0.2791666666666667 0.0203125 0.1527777777777778
5 0.8208333333333333 0.24027777777777778 0.020833333333333332 0.14351851851851852
5 0.8682291666666667 0.17037037037037037 0.015625 0.1
5 0.8997395833333334 0.14351851851851852 0.021354166666666667 0.1111111111111111
5 0.99140625 0.16944444444444445 0.0109375 0.09444444444444444
4 0.9786458333333333 0.10972222222222222 0.025 0.0787037037037037
4 0.7989583333333333 0.2199074074074074 0.042708333333333334 0.15462962962962962
4 0.57109375 0.275 0.04010416666666667 0.18333333333333332
4 0.54296875 0.2828703703703704 0.049479166666666664 0.18981481481481483
4 0.46171875 0.2708333333333333 0.044270833333333336 0.18796296296296297
3 0.959375 0.05925925925925926 0.07604166666666666 0.1
