0 0.7510416666666667 0.12453703703703704 0.03958333333333333 0.06574074074074074
0 0.7317708333333334 0.1337962962962963 0.04791666666666667 0.06944444444444445
0 0.71171875 0.15185185185185185 0.033854166666666664 0.07222222222222222
0 0.6958333333333333 0.15833333333333333 0.041666666666666664 0.06296296296296296
0 0.6911458333333333 0.1087962962962963 0.021875 0.06759259259259259
0 0.6604166666666667 0.12685185185185185 0.021875 0.07777777777777778
0 0.94296875 0.274537037037037 0.049479166666666664 0.1287037037037037
0 0.05 0.5254629629629629 0.04895833333333333 0.10833333333333334
0 0.07239583333333334 0.6166666666666667 0.06145833333333333 0.18518518518518517
3 0.8828125 0.09212962962962963 0.15208333333333332 0.1398148148148148
3 0.6841145833333333 0.0625 0.0359375 0.11944444444444445
3 0.5619791666666667 0.10833333333333334 0.12291666666666666 0.21666666666666667
2 0.07109375 0.31296296296296294 0.016145833333333335 0.08518518518518518
2 0.08645833333333333 0.3314814814814815 0.03229166666666667 0.07777777777777778
2 0.7473958333333334 0.06388888888888888 0.057291666666666664 0.06111111111111111
2 0.77265625 0.10092592592592593 0.0703125 0.0962962962962963
2 0.7513020833333334 0.19444444444444445 0.15364583333333334 0.15185185185185185
2 0.5841145833333333 0.20092592592592592 0.15572916666666667 0.17962962962962964
1 0.05182291666666667 0.34120370370370373 0.05677083333333333 0.1638888888888889
