5 0.7322916666666667 0.30324074074074076 0.017708333333333333 0.09166666666666666
5 0.721875 0.35694444444444445 0.023958333333333335 0.13240740740740742
5 0.6786458333333333 0.2574074074074074 0.017708333333333333 0.0962962962962963
5 0.6364583333333333 0.21203703703703702 0.009375 0.09074074074074075
5 0.5778645833333333 0.175 0.009895833333333333 0.07777777777777778
4 0.7692708333333333 0.2861111111111111 0.034375 0.11851851851851852
3 0.871875 0.4412037037037037 0.25416666666666665 0.38796296296296295
3 0.8518229166666667 0.700925925925926 0.29322916666666665 0.587037037037037
2 0.61796875 0.14351851851851852 0.0578125 0.053703703703703705
2 0.6359375 0.18611111111111112 0.11875 0.0962962962962963
2 0.7231770833333333 0.1814814814814815 0.0234375 0.05555555555555555
2 0.7346354166666667 0.17824074074074073 0.028645833333333332 0.058333333333333334
2 0.8018229166666667 0.35324074074074074 0.0484375 0.10462962962962963
1 0.715625 0.2587962962962963 0.06979166666666667 0.15833333333333333
1 0.6786458333333333 0.2263888888888889 0.0875 0.11574074074074074
