2 0.88984375 0.43287037037037035 0.08489583333333334 0.1638888888888889
2 0.90078125 0.5527777777777778 0.12135416666666667 0.1814814814814815
2 0.8627604166666667 0.6837962962962963 0.13072916666666667 0.225
2 0.42864583333333334 0.16296296296296298 0.13333333333333333 0.22962962962962963
5 0.425 0.337037037037037 0.075 0.23703703703703705
5 0.38776041666666666 0.07037037037037037 0.04114583333333333 0.13518518518518519
5 0.86484375 0.9273148148148148 0.11302083333333333 0.14166666666666666
5 0.8088541666666667 0.5800925925925926 0.07395833333333333 0.1787037037037037
5 0.8190104166666666 0.36574074074074076 0.04010416666666667 0.08888888888888889
4 0.4075520833333333 0.22916666666666666 0.09322916666666667 0.25277777777777777
3 0.69375 0.13703703703703704 0.17395833333333333 0.2722222222222222
