5 0.1059 0.5568 0.0511 0.2197
5 0.5933 0.4672 0.0413 0.2234
2 0.4282 0.1110 0.0571 0.0711
2 0.4675 0.0625 0.0593 0.0575
2 0.3795 0.0899 0.0604 0.0577
2 0.2722 0.1058 0.0635 0.0637
2 0.3345 0.0891 0.0537 0.0560
2 0.5230 0.0617 0.0495 0.0585
2 0.5637 0.0530 0.0560 0.0555
2 0.5580729166666667 0.2412037037037037 0.0859375 0.18055555555555555
2 0.578125 0.3675925925925926 0.14791666666666667 0.3333333333333333
2 0.2046875 0.1537037037037037 0.07083333333333333 0.07407407407407407
2 0.029166666666666667 0.26296296296296295 0.058333333333333334 0.07592592592592592
2 0.08255208333333333 0.2708333333333333 0.10885416666666667 0.1398148148148148
2 0.019270833333333334 0.33055555555555555 0.0375 0.08888888888888889
1 0.13359375 0.2935185185185185 0.049479166666666664 0.1537037037037037
1 0.027864583333333335 0.29907407407407405 0.05364583333333333 0.10555555555555556
1 0.026302083333333334 0.4652777777777778 0.050520833333333334 0.2638888888888889
1 0.07552083333333333 0.36944444444444446 0.10625 0.22037037037037038
1 0.21536458333333333 0.23796296296296296 0.08072916666666667 0.13148148148148148
1 0.24166666666666667 0.2111111111111111 0.06354166666666666 0.1111111111111111
1 0.21067708333333332 0.15833333333333333 0.04635416666666667 0.07222222222222222
1 0.06953125 0.19305555555555556 0.0453125 0.08055555555555556
1 0.02265625 0.21296296296296297 0.04114583333333333 0.07222222222222222
1 0.5955729166666667 0.08472222222222223 0.0359375 0.06388888888888888
1 0.6315104166666666 0.08148148148148149 0.025520833333333333 0.07037037037037037
1 0.6505208333333333 0.08194444444444444 0.030208333333333334 0.09351851851851851
1 0.6760416666666667 0.10601851851851851 0.04791666666666667 0.13240740740740742
4 0.24869791666666666 0.38935185185185184 0.04010416666666667 0.2324074074074074
4 0.6510416666666666 0.31851851851851853 0.04479166666666667 0.20925925925925926
3 0.85859375 0.25092592592592594 0.27760416666666665 0.45740740740740743
