2 0.0275 0.2721 0.0572 0.1162
1 0.5815104166666667 0.08101851851851852 0.08697916666666666 0.09166666666666666
0 0.3151041666666667 0.26296296296296295 0.05 0.09444444444444444
0 0.32786458333333335 0.21157407407407408 0.04635416666666667 0.09166666666666666
0 0.36822916666666666 0.17592592592592593 0.03854166666666667 0.08148148148148149
0 0.3528645833333333 0.17824074074074073 0.04010416666666667 0.05092592592592592
0 0.0875 0.22037037037037038 0.03958333333333333 0.07777777777777778
0 0.3177083333333333 0.2513888888888889 0.03229166666666667 0.04722222222222222
3 0.7119791666666667 0.3819444444444444 0.5697916666666667 0.7453703703703703
3 0.19765625 0.3453703703703704 0.25052083333333336 0.34629629629629627
2 0.3932291666666667 0.2791666666666667 0.13333333333333333 0.24351851851851852
2 0.4234375 0.08888888888888889 0.06041666666666667 0.07592592592592592
2 0.459375 0.07916666666666666 0.05416666666666667 0.05648148148148148
2 0.16875 0.17731481481481481 0.09895833333333333 0.12685185185185185
