5 0.3888 0.4705 0.0372 0.2043
5 0.7093 0.3904 0.0387 0.1936
5 0.4790 0.1293 0.0199 0.1087
3 0.3412 0.0603 0.1711 0.1288
2 0.4075 0.3379 0.1189 0.3395
1 0.6940 0.2642 0.0819 0.1999
1 0.6486 0.1847 0.0720 0.2099
5 0.6692708333333334 0.09861111111111111 0.017708333333333333 0.05277777777777778
5 0.04505208333333333 0.3226851851851852 0.0234375 0.09166666666666666
3 0.16328125 0.047685185185185185 0.0296875 0.09351851851851851
2 0.18359375 0.12731481481481483 0.06302083333333333 0.13055555555555556
2 0.08151041666666667 0.23842592592592593 0.12135416666666667 0.16944444444444445
2 0.459375 0.017592592592592594 0.05 0.03518518518518519
2 0.49713541666666666 0.024537037037037038 0.049479166666666664 0.049074074074074076
2 0.490625 0.09212962962962963 0.08125 0.15648148148148147
1 0.6484375 0.07175925925925926 0.075 0.11574074074074074
