5 0.4672 0.3150 0.0231 0.1548
5 0.5658 0.2835 0.0241 0.1671
5 0.7566 0.2258 0.0220 0.1254
2 0.4035 0.2112 0.1584 0.1840
2 0.16067708333333333 0.1638888888888889 0.1140625 0.10555555555555556
2 0.8145833333333333 0.13796296296296295 0.10625 0.13148148148148148
1 0.7109375 0.13564814814814816 0.06145833333333333 0.14351851851851852
0 0.22630208333333332 0.275 0.049479166666666664 0.1648148148148148
0 0.30182291666666666 0.22824074074074074 0.058854166666666666 0.11944444444444445
0 0.36640625 0.15648148148148147 0.030729166666666665 0.06296296296296296
0 0.4036458333333333 0.12407407407407407 0.051041666666666666 0.05925925925925926
0 0.14921875 0.21851851851851853 0.044270833333333336 0.09259259259259259
5 0.8635416666666667 0.16898148148148148 0.021875 0.10648148148148148
5 0.9091145833333333 0.1388888888888889 0.018229166666666668 0.07592592592592592
5 0.9265625 0.12407407407407407 0.017708333333333333 0.07592592592592592
5 0.9807291666666667 0.12083333333333333 0.013541666666666667 0.0787037037037037
4 0.7208333333333333 0.5027777777777778 0.08125 0.29814814814814816
4 0.5231770833333333 0.2861111111111111 0.03697916666666667 0.19074074074074074
4 0.70390625 0.16157407407407406 0.028645833333333332 0.12685185185185185
3 0.6294270833333333 0.04722222222222222 0.058854166666666666 0.09444444444444444
3 0.7424479166666667 0.06574074074074074 0.13385416666666666 0.13148148148148148
3 0.8684895833333334 0.075 0.13385416666666666 0.14814814814814814
3 0.9528645833333333 0.06851851851851852 0.09114583333333333 0.13518518518518519
3 0.9171875 0.33564814814814814 0.16354166666666667 0.44907407407407407
