2 0.8684895833333334 0.03333333333333333 0.05572916666666667 0.05740740740740741
2 0.8776041666666666 0.08564814814814815 0.059375 0.09166666666666666
2 0.8565104166666667 0.10416666666666667 0.043229166666666666 0.12314814814814815
2 0.93359375 0.20833333333333334 0.10989583333333333 0.16296296296296298
2 0.97734375 0.29768518518518516 0.04010416666666667 0.15092592592592594
2 0.9502604166666667 0.48333333333333334 0.09635416666666667 0.35
2 0.5330729166666667 0.5615740740740741 0.5005208333333333 0.5861111111111111
2 0.0609375 0.2064814814814815 0.0625 0.17962962962962964
0 0.7388020833333333 0.2 0.06927083333333334 0.1685185185185185
5 0.52578125 0.2689814814814815 0.022395833333333334 0.0824074074074074
5 0.20390625 0.2740740740740741 0.0328125 0.17222222222222222
5 0.06848958333333334 0.3314814814814815 0.0359375 0.17407407407407408
3 0.5270833333333333 0.1638888888888889 0.215625 0.32592592592592595
3 0.18072916666666666 0.17777777777777778 0.28020833333333334 0.35555555555555557
3 0.3151041666666667 0.047685185185185185 0.059375 0.08981481481481482
