2 0.04114583333333333 0.16944444444444445 0.0375 0.10185185185185185
1 0.5192708333333333 0.8740740740740741 0.5020833333333333 0.24814814814814815
1 0.8484375 0.7074074074074074 0.30104166666666665 0.5203703703703704
1 0.9752604166666666 0.5648148148148148 0.04739583333333333 0.31851851851851853
0 0.6958333333333333 0.12546296296296297 0.051041666666666666 0.1287037037037037
0 0.7341145833333333 0.20185185185185187 0.0578125 0.14629629629629629
0 0.8122395833333333 0.3055555555555556 0.12760416666666666 0.17962962962962964
0 0.8380208333333333 0.19675925925925927 0.0375 0.12685185185185185
5 0.5296875 0.40694444444444444 0.028125 0.19722222222222222
5 0.26484375 0.2861111111111111 0.04010416666666667 0.18333333333333332
5 0.021354166666666667 0.31851851851851853 0.028125 0.1388888888888889
3 0.8916666666666667 0.05462962962962963 0.10520833333333333 0.10925925925925926
3 0.6794270833333333 0.041666666666666664 0.0765625 0.08333333333333333
3 0.5546875 0.19398148148148148 0.2625 0.38796296296296295
3 0.18802083333333333 0.20416666666666666 0.33645833333333336 0.4064814814814815
