3 0.565625 0.12986111111111112 0.0828125 0.08472222222222223
3 0.54140625 0.22708333333333333 0.1453125 0.1986111111111111
3 0.732421875 0.29444444444444445 0.28515625 0.34444444444444444
2 0.25625 0.15069444444444444 0.0765625 0.09305555555555556
2 0.326171875 0.1375 0.05390625 0.06388888888888888
2 0.29375 0.21319444444444444 0.1125 0.14027777777777778
2 0.411328125 0.11041666666666666 0.05859375 0.04861111111111111
2 0.441796875 0.10625 0.04140625 0.04027777777777778
2 0.496484375 0.1111111111111111 0.04765625 0.03611111111111111
2 0.508984375 0.12430555555555556 0.06015625 0.043055555555555555
2 0.673046875 0.1423611111111111 0.05859375 0.029166666666666667
2 0.403515625 0.16180555555555556 0.08671875 0.08472222222222223
2 0.428515625 0.19305555555555556 0.12421875 0.12222222222222222
2 0.50390625 0.15416666666666667 0.0875 0.1111111111111111
1 0.24609375 0.19027777777777777 0.0671875 0.12777777777777777
5 0.477734375 0.2951388888888889 0.01796875 0.14027777777777778
4 0.580859375 0.2673611111111111 0.02734375 0.15416666666666667
