3 0.6885416666666667 0.09212962962962963 0.1125 0.175
3 0.7692708333333333 0.05787037037037037 0.18854166666666666 0.11574074074074074
3 0.8294270833333334 0.29305555555555557 0.3380208333333333 0.5861111111111111
3 0.009375 0.21574074074074073 0.01875 0.12407407407407407
3 0.30807291666666664 0.36666666666666664 0.6151041666666667 0.7277777777777777
2 0.01484375 0.2824074074074074 0.028645833333333332 0.13333333333333333
2 0.028385416666666666 0.3023148148148148 0.05677083333333333 0.13796296296296295
2 0.030989583333333334 0.19722222222222222 0.0328125 0.07407407407407407
2 0.5986979166666667 0.14074074074074075 0.06614583333333333 0.12407407407407407
2 0.5927083333333333 0.17824074074074073 0.07604166666666666 0.1287037037037037
2 0.5989583333333334 0.29398148148148145 0.084375 0.2675925925925926
2 0.65234375 0.18472222222222223 0.11302083333333333 0.18611111111111112
