5 0.6675 0.4345 0.0374 0.2279
2 0.2718 0.1242 0.0566 0.0687
2 0.6371 0.0635 0.0600 0.0687
2 0.3297 0.0951 0.0666 0.0591
2 0.0628 0.1900 0.0557 0.0620
2 0.5776041666666667 0.2861111111111111 0.15520833333333334 0.26481481481481484
2 0.4002604166666667 0.16018518518518518 0.05364583333333333 0.1111111111111111
2 0.28671875 0.17546296296296296 0.07552083333333333 0.08055555555555556
2 0.33203125 0.22268518518518518 0.09322916666666667 0.15648148148148147
2 0.21927083333333333 0.21064814814814814 0.09583333333333334 0.14166666666666666
2 0.26015625 0.27314814814814814 0.11510416666666666 0.21296296296296297
2 0.053385416666666664 0.26851851851851855 0.09114583333333333 0.11851851851851852
2 0.09609375 0.2884259259259259 0.1015625 0.15648148148148147
2 0.11484375 0.4013888888888889 0.12135416666666667 0.2972222222222222
2 0.03697916666666667 0.36574074074074076 0.07395833333333333 0.20185185185185187
5 0.09791666666666667 0.5430555555555555 0.042708333333333334 0.19722222222222222
4 0.29348958333333336 0.4013888888888889 0.0609375 0.2212962962962963
4 0.08645833333333333 0.5430555555555555 0.059375 0.2564814814814815
4 0.7239583333333334 0.2125 0.021875 0.1787037037037037
3 0.5372395833333333 0.1537037037037037 0.0921875 0.23333333333333334
3 0.42239583333333336 0.06481481481481481 0.1 0.09814814814814815
3 0.5770833333333333 0.059722222222222225 0.065625 0.0824074074074074
3 0.3927083333333333 0.10324074074074074 0.075 0.09166666666666666
3 0.36223958333333334 0.15648148148148147 0.0765625 0.15
