1 0.237109375 0.1951388888888889 0.06640625 0.12361111111111112
4 0.316796875 0.21944444444444444 0.01953125 0.12222222222222222
3 0.697265625 0.30625 0.32890625 0.37916666666666665
3 0.874609375 0.2048611111111111 0.06015625 0.09861111111111111
3 0.553125 0.15416666666666667 0.109375 0.1111111111111111
3 0.649609375 0.12638888888888888 0.07109375 0.06111111111111111
3 0.540234375 0.22291666666666668 0.15390625 0.24861111111111112
3 0.456640625 0.1625 0.13984375 0.18055555555555555
3 0.297265625 0.18680555555555556 0.11953125 0.1763888888888889
3 0.27734375 0.11805555555555555 0.115625 0.08888888888888889
5 0.4984375 0.28125 0.021875 0.11527777777777778
