2 0.40651041666666665 0.05092592592592592 0.0671875 0.09074074074074075
2 0.478125 0.06898148148148148 0.07083333333333333 0.08981481481481482
2 0.12942708333333333 0.18472222222222223 0.08177083333333333 0.1361111111111111
2 0.18515625 0.16620370370370371 0.08385416666666666 0.13425925925925927
2 0.26197916666666665 0.055092592592592596 0.0375 0.04722222222222222
2 0.21458333333333332 0.3972222222222222 0.16458333333333333 0.2962962962962963
2 0.06927083333333334 0.5037037037037037 0.13854166666666667 0.34074074074074073
1 0.61171875 0.0625 0.0359375 0.08981481481481482
1 0.42213541666666665 0.03333333333333333 0.0453125 0.06111111111111111
0 0.31276041666666665 0.30694444444444446 0.07447916666666667 0.17685185185185184
0 0.9638020833333333 0.337037037037037 0.06927083333333334 0.1111111111111111
0 0.9622395833333334 0.3699074074074074 0.0734375 0.1287037037037037
0 0.9567708333333333 0.40555555555555556 0.08125 0.13518518518518519
0 0.9518229166666666 0.4356481481481482 0.09322916666666667 0.14166666666666666
0 0.9346354166666667 0.48333333333333334 0.12447916666666667 0.21481481481481482
5 0.42916666666666664 0.06388888888888888 0.007291666666666667 0.08333333333333333
5 0.21744791666666666 0.2324074074074074 0.0171875 0.09444444444444444
5 0.18359375 0.20092592592592592 0.0109375 0.0962962962962963
5 0.1484375 0.19212962962962962 0.019791666666666666 0.0824074074074074
3 0.08958333333333333 0.13518518518518519 0.11979166666666667 0.14814814814814814
3 0.12317708333333334 0.11481481481481481 0.07135416666666666 0.13703703703703704
3 0.2703125 0.16435185185185186 0.09375 0.23981481481481481
3 0.21171875 0.1597222222222222 0.059895833333333336 0.1787037037037037
