1 0.227734375 0.1638888888888889 0.03046875 0.07777777777777778
1 0.26875 0.18888888888888888 0.0859375 0.12222222222222222
1 0.316796875 0.1673611111111111 0.06640625 0.0625
5 0.326953125 0.22152777777777777 0.01640625 0.1125
5 0.50078125 0.28680555555555554 0.0265625 0.12638888888888888
4 0.366796875 0.20416666666666666 0.02109375 0.13055555555555556
3 0.4875 0.18333333333333332 0.2515625 0.25
3 0.718359375 0.2902777777777778 0.29453125 0.35
2 0.541015625 0.27361111111111114 0.13203125 0.16666666666666666
2 0.305859375 0.21388888888888888 0.11015625 0.13333333333333333
4 0.5875 0.27291666666666664 0.0328125 0.16527777777777777
