5 0.3620 0.4844 0.0396 0.1982
5 0.7003 0.4392 0.0361 0.1901
2 0.4060 0.0608 0.0776 0.1181
2 0.4724 0.0271 0.0535 0.0538
1 0.6494 0.0681 0.0600 0.1202
1 0.7107 0.3310 0.0918 0.2675
1 0.7916 0.5011 0.1099 0.3407
3 0.409375 0.27824074074074073 0.16875 0.3990740740740741
3 0.3645833333333333 0.020833333333333332 0.06354166666666666 0.041666666666666664
3 0.30520833333333336 0.05138888888888889 0.09166666666666666 0.10277777777777777
2 0.20859375 0.11064814814814815 0.09114583333333333 0.09907407407407408
2 0.17682291666666666 0.13518518518518519 0.05677083333333333 0.1111111111111111
2 0.05130208333333333 0.2273148148148148 0.10052083333333334 0.13425925925925927
2 0.04010416666666667 0.3074074074074074 0.078125 0.14814814814814814
5 0.65625 0.10972222222222222 0.01875 0.10092592592592593
5 0.49947916666666664 0.056018518518518516 0.016666666666666666 0.09351851851851851
