5 0.0682 0.5285 0.0496 0.2035
5 0.6837 0.4149 0.0347 0.2210
4 0.7864583333333334 0.32175925925925924 0.03229166666666667 0.225
4 0.7192708333333333 0.4439814814814815 0.05520833333333333 0.2638888888888889
3 0.28125 0.0837962962962963 0.125 0.13055555555555556
3 0.09114583333333333 0.23287037037037037 0.11666666666666667 0.2324074074074074
3 0.02421875 0.2611111111111111 0.04739583333333333 0.25555555555555554
3 0.47421875 0.14953703703703702 0.12447916666666667 0.29907407407407405
3 0.6854166666666667 0.040740740740740744 0.046875 0.08148148148148149
3 0.38125 0.29907407407407405 0.278125 0.5055555555555555
