2 0.8921875 0.47962962962962963 0.084375 0.2
2 0.9427083333333334 0.8611111111111112 0.10833333333333334 0.27037037037037037
1 0.17682291666666666 0.1439814814814815 0.1609375 0.287962962962963
1 0.2981770833333333 0.3175925925925926 0.25364583333333335 0.5074074074074074
5 0.37109375 0.10462962962962963 0.04010416666666667 0.13518518518518519
5 0.24609375 0.021296296296296296 0.0296875 0.04259259259259259
5 0.9294270833333333 0.5037037037037037 0.033854166666666664 0.0962962962962963
5 0.8010416666666667 0.31296296296296294 0.03229166666666667 0.07592592592592592
4 0.5822916666666667 0.3958333333333333 0.06354166666666666 0.25462962962962965
4 0.7263020833333333 0.4101851851851852 0.06614583333333333 0.18703703703703703
3 0.6916666666666667 0.14537037037037037 0.15625 0.29074074074074074
