2 0.8739583333333333 0.14814814814814814 0.06979166666666667 0.12407407407407407
2 0.81015625 0.1935185185185185 0.10885416666666667 0.1425925925925926
2 0.6927083333333334 0.20092592592592592 0.17083333333333334 0.14444444444444443
2 0.5591145833333333 0.20555555555555555 0.0921875 0.1648148148148148
0 0.8684895833333334 0.09212962962962963 0.03697916666666667 0.062037037037037036
0 0.07083333333333333 0.6259259259259259 0.057291666666666664 0.1962962962962963
3 0.9294270833333333 0.1087962962962963 0.0515625 0.11944444444444445
3 0.8348958333333333 0.06805555555555555 0.06770833333333333 0.13055555555555556
3 0.76953125 0.07222222222222222 0.10572916666666667 0.14444444444444443
3 0.5619791666666667 0.09444444444444444 0.115625 0.18333333333333332
2 0.0578125 0.29953703703703705 0.027083333333333334 0.06944444444444445
2 0.08072916666666667 0.32037037037037036 0.03854166666666667 0.07407407407407407
0 0.0203125 0.3425925925925926 0.036458333333333336 0.07777777777777778
