4 0.73671875 0.2814814814814815 0.0484375 0.17407407407407408
4 0.2453125 0.39490740740740743 0.04583333333333333 0.22314814814814815
3 0.34088541666666666 0.12175925925925926 0.17239583333333333 0.24166666666666667
3 0.39453125 0.2912037037037037 0.2526041666666667 0.525
3 0.5203125 0.1486111111111111 0.06041666666666667 0.2657407407407407
3 0.08255208333333333 0.3421296296296296 0.16302083333333334 0.475
3 0.7744791666666667 0.5203703703703704 0.4479166666666667 0.9518518518518518
1 0.6458333333333334 0.06157407407407407 0.05416666666666667 0.09537037037037037
5 0.68671875 0.40694444444444444 0.033854166666666664 0.19722222222222222
5 0.06666666666666667 0.5310185185185186 0.04479166666666667 0.18981481481481483
