1 0.5421875 0.11296296296296296 0.03958333333333333 0.07222222222222222
1 0.7903645833333334 0.25787037037037036 0.07239583333333334 0.11388888888888889
1 0.875 0.34629629629629627 0.08229166666666667 0.12407407407407407
1 0.7520833333333333 0.2763888888888889 0.10416666666666667 0.08425925925925926
1 0.6989583333333333 0.22962962962962963 0.07916666666666666 0.1
5 0.87421875 0.7018518518518518 0.05260416666666667 0.2351851851851852
5 0.6578125 0.3296296296296296 0.019791666666666666 0.12222222222222222
5 0.6611979166666667 0.29259259259259257 0.018229166666666668 0.1
5 0.6065104166666667 0.1814814814814815 0.015104166666666667 0.08703703703703704
5 0.5932291666666667 0.1439814814814815 0.0125 0.05648148148148148
4 0.57890625 0.17592592592592593 0.019270833333333334 0.08888888888888889
4 0.8541666666666666 0.3939814814814815 0.03854166666666667 0.1287037037037037
4 0.8669270833333333 0.7361111111111112 0.08072916666666667 0.2814814814814815
3 0.9114583333333334 0.712037037037037 0.175 0.5685185185185185
2 0.6393229166666666 0.15694444444444444 0.0796875 0.09166666666666666
2 0.65078125 0.18611111111111112 0.06927083333333334 0.08703703703703704
2 0.7127604166666667 0.27314814814814814 0.06822916666666666 0.10925925925925926
2 0.7541666666666667 0.3509259259259259 0.146875 0.17407407407407408
2 0.7846354166666667 0.20879629629629629 0.06510416666666667 0.0712962962962963
2 0.8880208333333334 0.2722222222222222 0.07395833333333333 0.08888888888888889
2 0.91796875 0.3449074074074074 0.07864583333333333 0.11388888888888889
2 0.9421875 0.41388888888888886 0.1125 0.18518518518518517
1 0.9700520833333334 0.3578703703703704 0.05677083333333333 0.10462962962962963
