5 0.4682 0.3138 0.0268 0.1694
5 0.5595 0.2157 0.0239 0.1298
5 0.8050 0.1807 0.0191 0.1098
1 0.8928 0.4358 0.1626 0.3150
2 0.4791666666666667 0.125 0.053125 0.0962962962962963
2 0.46875 0.18703703703703703 0.0625 0.15
2 0.42421875 0.2412037037037037 0.1265625 0.17685185185185184
2 0.3927083333333333 0.10046296296296296 0.04375 0.0824074074074074
2 0.5302083333333333 0.09861111111111111 0.0625 0.09166666666666666
2 0.5625 0.12129629629629629 0.06666666666666667 0.10740740740740741
2 0.6080729166666666 0.13657407407407407 0.08072916666666667 0.15092592592592594
2 0.6638020833333333 0.1037037037037037 0.0828125 0.07592592592592592
2 0.6653645833333334 0.1736111111111111 0.1171875 0.17685185185185184
2 0.6255208333333333 0.059722222222222225 0.04791666666666667 0.06944444444444445
2 0.6643229166666667 0.07268518518518519 0.0671875 0.06944444444444445
2 0.7067708333333333 0.10833333333333334 0.0625 0.10185185185185185
2 0.7255208333333333 0.06944444444444445 0.036458333333333336 0.06296296296296296
2 0.6927083333333334 0.03796296296296296 0.03958333333333333 0.04814814814814815
2 0.7565104166666666 0.075 0.030729166666666665 0.05185185185185185
2 0.7760416666666666 0.08009259259259259 0.03958333333333333 0.04537037037037037
2 0.78515625 0.12638888888888888 0.07864583333333333 0.1175925925925926
2 0.8231770833333333 0.0912037037037037 0.059895833333333336 0.08425925925925926
2 0.8713541666666667 0.08657407407407407 0.057291666666666664 0.058333333333333334
2 0.8763020833333334 0.12361111111111112 0.07552083333333333 0.11203703703703703
2 0.9453125 0.14953703703703702 0.096875 0.11944444444444445
2 0.9692708333333333 0.09861111111111111 0.059375 0.08611111111111111
2 0.48151041666666666 0.6092592592592593 0.4484375 0.4685185185185185
0 0.15885416666666666 0.23472222222222222 0.03958333333333333 0.10648148148148148
0 0.28046875 0.24722222222222223 0.049479166666666664 0.12222222222222222
0 0.2911458333333333 0.20416666666666666 0.034375 0.08425925925925926
0 0.3143229166666667 0.21064814814814814 0.059895833333333336 0.125
0 0.3424479166666667 0.21574074074074073 0.05677083333333333 0.12407407407407407
5 0.7229166666666667 0.1824074074074074 0.015625 0.040740740740740744
5 0.9145833333333333 0.1550925925925926 0.017708333333333333 0.10092592592592593
5 0.9932291666666667 0.1648148148148148 0.010416666666666666 0.1111111111111111
4 0.8486979166666667 0.13564814814814816 0.019270833333333334 0.10462962962962963
4 0.7083333333333334 0.20879629629629629 0.03854166666666667 0.15092592592592594
4 0.44166666666666665 0.2967592592592593 0.05416666666666667 0.18796296296296297
