2 0.790625 0.8231481481481482 0.415625 0.35
2 0.37864583333333335 0.5995370370370371 0.49583333333333335 0.7138888888888889
2 0.16692708333333334 0.024074074074074074 0.10260416666666666 0.04814814814814815
2 0.09427083333333333 0.21944444444444444 0.18333333333333332 0.37222222222222223
1 0.8486979166666667 0.16620370370370371 0.03697916666666667 0.05648148148148148
0 0.24453125 0.05416666666666667 0.09114583333333333 0.10648148148148148
0 0.45755208333333336 0.25555555555555554 0.1359375 0.26481481481481484
0 0.56484375 0.19768518518518519 0.10572916666666667 0.21944444444444444
0 0.6044270833333333 0.33194444444444443 0.1421875 0.21388888888888888
0 0.3932291666666667 0.0875 0.12604166666666666 0.175
3 0.878125 0.35138888888888886 0.24166666666666667 0.5268518518518519
3 0.6614583333333334 0.08472222222222223 0.15208333333333332 0.1675925925925926
3 0.7705729166666667 0.287962962962963 0.37864583333333335 0.5444444444444444
3 0.5690104166666666 0.09027777777777778 0.10364583333333334 0.1787037037037037
2 0.7346354166666667 0.046296296296296294 0.0328125 0.07407407407407407
