5 0.7559 0.2877 0.0299 0.1596
5 0.3801 0.3514 0.0310 0.1594
5 0.6071 0.2448 0.0226 0.1464
2 0.7106 0.2416 0.1317 0.1883
2 0.6242 0.6815 0.3879 0.6184
2 0.9366 0.4027 0.1313 0.3223
2 0.4003 0.2927 0.1030 0.2104
2 0.5641 0.1952 0.1034 0.1490
2 0.1322 0.7065 0.2736 0.4687
2 0.8388 0.1400 0.0933 0.1265
2 0.4316 0.1982 0.0901 0.1442
2 0.6422 0.1605 0.1000 0.1401
2 0.9002 0.1270 0.0794 0.1070
2 0.9439 0.1267 0.0766 0.1051
1 0.04401041666666667 0.24861111111111112 0.0578125 0.10462962962962963
0 0.2234375 0.27361111111111114 0.06041666666666667 0.09351851851851851
0 0.2565104166666667 0.27361111111111114 0.05364583333333333 0.11944444444444445
0 0.29270833333333335 0.25925925925925924 0.059375 0.12407407407407407
0 0.3143229166666667 0.24675925925925926 0.0484375 0.1175925925925926
0 0.32864583333333336 0.22175925925925927 0.05520833333333333 0.08981481481481482
0 0.35104166666666664 0.20972222222222223 0.046875 0.10462962962962963
0 0.36171875 0.19537037037037036 0.028645833333333332 0.08888888888888889
0 0.3734375 0.16712962962962963 0.030208333333333334 0.07685185185185185
0 0.25703125 0.16944444444444445 0.0421875 0.06851851851851852
0 0.15625 0.22824074074074074 0.04479166666666667 0.08611111111111111
0 0.09427083333333333 0.2111111111111111 0.042708333333333334 0.07222222222222222
5 0.7927083333333333 0.16620370370370371 0.016666666666666666 0.10462962962962963
5 0.9322916666666666 0.16064814814814815 0.017708333333333333 0.11203703703703703
5 0.9859375 0.14212962962962963 0.010416666666666666 0.09537037037037037
5 0.8765625 0.15416666666666667 0.017708333333333333 0.10277777777777777
4 0.4752604166666667 0.24259259259259258 0.0390625 0.16111111111111112
4 0.53359375 0.24027777777777778 0.0359375 0.1398148148148148
4 0.72890625 0.1412037037037037 0.024479166666666666 0.0712962962962963
4 0.9739583333333334 0.13703703703703704 0.021875 0.08888888888888889
2 0.4276041666666667 0.08425925925925926 0.059375 0.07592592592592592
2 0.6619791666666667 0.10740740740740741 0.08125 0.1
2 0.71328125 0.12083333333333333 0.05572916666666667 0.1175925925925926
2 0.9671875 0.09305555555555556 0.0625 0.08425925925925926
2 0.009635416666666667 0.2513888888888889 0.018229166666666668 0.09537037037037037
2 0.02578125 0.3375 0.049479166666666664 0.15462962962962962
2 0.075 0.2763888888888889 0.10625 0.1675925925925926
