0 0.6966145833333334 0.12824074074074074 0.049479166666666664 0.1287037037037037
0 0.7372395833333333 0.20324074074074075 0.05260416666666667 0.14722222222222223
0 0.8140625 0.31296296296296294 0.11875 0.1814814814814815
5 0.5705729166666667 0.3416666666666667 0.024479166666666666 0.1814814814814815
5 0.2625 0.287962962962963 0.0375 0.18333333333333332
5 0.10052083333333334 0.29907407407407405 0.03125 0.1388888888888889
3 0.07578125 0.15324074074074073 0.0859375 0.2657407407407407
3 0.19895833333333332 0.16018518518518518 0.2625 0.32037037037037036
3 0.4901041666666667 0.049074074074074076 0.06145833333333333 0.09814814814814815
3 0.696875 0.046296296296296294 0.09270833333333334 0.09074074074074075
3 0.8927083333333333 0.05925925925925926 0.11145833333333334 0.11851851851851852
3 0.57421875 0.18518518518518517 0.21927083333333333 0.37037037037037035
4 0.06380208333333333 0.22037037037037038 0.0328125 0.16111111111111112
