2 0.748828125 0.16875 0.04921875 0.05138888888888889
2 0.63125 0.1326388888888889 0.028125 0.059722222222222225
2 0.68359375 0.2534722222222222 0.0796875 0.13194444444444445
2 0.56640625 0.2465277777777778 0.0828125 0.14027777777777778
2 0.2609375 0.12361111111111112 0.071875 0.07777777777777778
2 0.315625 0.11875 0.0609375 0.05138888888888889
2 0.398828125 0.14444444444444443 0.06328125 0.08055555555555556
2 0.440234375 0.2013888888888889 0.11171875 0.11388888888888889
1 0.48125 0.10555555555555556 0.034375 0.044444444444444446
1 0.4984375 0.1638888888888889 0.0703125 0.11944444444444445
1 0.445703125 0.15694444444444444 0.06484375 0.06388888888888888
1 0.23359375 0.1763888888888889 0.040625 0.11388888888888889
5 0.504296875 0.2847222222222222 0.02109375 0.13333333333333333
5 0.24375 0.20972222222222223 0.01875 0.08888888888888889
3 0.82421875 0.22291666666666668 0.096875 0.16805555555555557
3 0.296484375 0.19652777777777777 0.10546875 0.1597222222222222
4 0.397265625 0.21875 0.02578125 0.12083333333333333
