2 0.8864583333333333 0.24166666666666667 0.146875 0.17222222222222222
2 0.8786458333333333 0.500462962962963 0.18333333333333332 0.44722222222222224
2 0.6885416666666667 0.7490740740740741 0.5083333333333333 0.49444444444444446
2 0.17734375 0.24814814814814815 0.15677083333333333 0.19444444444444445
2 0.16953125 0.1587962962962963 0.025520833333333333 0.08055555555555556
0 0.34791666666666665 0.3055555555555556 0.06458333333333334 0.2
0 0.5005208333333333 0.2490740740740741 0.06875 0.17777777777777778
0 0.9692708333333333 0.42083333333333334 0.059375 0.1787037037037037
3 0.20338541666666668 0.10555555555555556 0.05572916666666667 0.17407407407407408
3 0.28619791666666666 0.1486111111111111 0.0828125 0.26944444444444443
3 0.66875 0.1537037037037037 0.23958333333333334 0.3074074074074074
3 0.07890625 0.13703703703703704 0.06302083333333333 0.12407407407407407
3 0.12526041666666668 0.11342592592592593 0.0734375 0.1527777777777778
3 0.4921875 0.06574074074074074 0.041666666666666664 0.1259259259259259
