5 0.5916 0.4493 0.0421 0.2351
2 0.5129 0.0600 0.0563 0.0575
1 0.2721 0.1068 0.0467 0.0605
2 0.5796875 0.3013888888888889 0.12604166666666666 0.27870370370370373
2 0.05 0.1935185185185185 0.04791666666666667 0.06296296296296296
2 0.11197916666666667 0.15092592592592594 0.057291666666666664 0.07777777777777778
2 0.028125 0.24537037037037038 0.05416666666666667 0.08888888888888889
2 0.14973958333333334 0.3476851851851852 0.050520833333333334 0.1935185185185185
2 0.07578125 0.48935185185185187 0.14947916666666666 0.3638888888888889
1 0.03984375 0.18935185185185185 0.05364583333333333 0.07685185185185185
4 0.64453125 0.35462962962962963 0.05364583333333333 0.24074074074074073
3 0.7130208333333333 0.1550925925925926 0.17604166666666668 0.2916666666666667
3 0.8606770833333334 0.2800925925925926 0.21197916666666666 0.43796296296296294
3 0.06822916666666666 0.32175925925925924 0.13541666666666666 0.25462962962962965
3 0.34036458333333336 0.3699074074074074 0.35260416666666666 0.7175925925925926
