2 0.47708333333333336 0.043055555555555555 0.03958333333333333 0.04537037037037037
2 0.5270833333333333 0.04953703703703704 0.041666666666666664 0.049074074074074076
2 0.60625 0.04722222222222222 0.0375 0.05925925925925926
2 0.6744791666666666 0.01990740740740741 0.027083333333333334 0.03425925925925926
2 0.7135416666666666 0.046296296296296294 0.041666666666666664 0.04814814814814815
2 0.7208333333333333 0.06157407407407407 0.040625 0.05277777777777778
2 0.6442708333333333 0.07731481481481481 0.04375 0.0787037037037037
2 0.68828125 0.0912037037037037 0.06614583333333333 0.10648148148148148
2 0.71484375 0.0837962962962963 0.0390625 0.0824074074074074
2 0.7645833333333333 0.12083333333333333 0.06145833333333333 0.15648148148148147
2 0.7703125 0.06342592592592593 0.05 0.0787037037037037
2 0.8216145833333334 0.0787037037037037 0.0703125 0.08703703703703704
2 0.8966145833333333 0.11435185185185186 0.0828125 0.10462962962962963
2 0.9848958333333333 0.10185185185185185 0.027083333333333334 0.08518518518518518
2 0.8244791666666667 0.15185185185185185 0.1125 0.12037037037037036
2 0.5580729166666667 0.12083333333333333 0.0609375 0.10462962962962963
2 0.5924479166666666 0.1439814814814815 0.06927083333333334 0.1175925925925926
2 0.6481770833333333 0.16805555555555557 0.11510416666666666 0.1527777777777778
2 0.4890625 0.11898148148148148 0.04791666666666667 0.09351851851851851
2 0.45755208333333336 0.1597222222222222 0.0765625 0.13425925925925927
2 0.41822916666666665 0.21574074074074073 0.115625 0.14814814814814814
2 0.36614583333333334 0.3050925925925926 0.14583333333333334 0.23981481481481481
2 0.15989583333333332 0.17592592592592593 0.09270833333333334 0.11481481481481481
2 0.04375 0.1925925925925926 0.04583333333333333 0.07037037037037037
1 0.20885416666666667 0.7583333333333333 0.3416666666666667 0.47962962962962963
1 0.9716145833333333 0.10231481481481482 0.050520833333333334 0.09351851851851851
1 0.925 0.0912037037037037 0.03229166666666667 0.06388888888888888
0 0.22213541666666667 0.28703703703703703 0.0640625 0.15
0 0.26588541666666665 0.2662037037037037 0.059895833333333336 0.1398148148148148
0 0.28828125 0.24027777777777778 0.050520833333333334 0.13425925925925927
0 0.3067708333333333 0.2324074074074074 0.03958333333333333 0.09814814814814815
0 0.32421875 0.20787037037037037 0.05364583333333333 0.09537037037037037
0 0.23984375 0.18935185185185185 0.04010416666666667 0.08981481481481482
0 0.16848958333333333 0.21851851851851853 0.04114583333333333 0.0962962962962963
5 0.38125 0.3476851851851852 0.030208333333333334 0.17685185185185184
5 0.8067708333333333 0.27175925925925926 0.021875 0.1675925925925926
5 0.8697916666666666 0.17037037037037037 0.019791666666666666 0.11851851851851852
5 0.7916666666666666 0.17592592592592593 0.027083333333333334 0.12962962962962962
5 0.9880208333333333 0.16203703703703703 0.013541666666666667 0.08703703703703704
4 0.578125 0.2125 0.03958333333333333 0.1675925925925926
4 0.9002604166666667 0.16296296296296298 0.0234375 0.12962962962962962
