5 0.0179 0.5880 0.0365 0.2072
5 0.6831 0.4153 0.0380 0.2207
4 0.809375 0.3578703703703704 0.05520833333333333 0.23425925925925925
4 0.2677083333333333 0.37824074074074077 0.059375 0.22870370370370371
3 0.06979166666666667 0.33101851851851855 0.13854166666666667 0.4861111111111111
3 0.08151041666666667 0.39675925925925926 0.16302083333333334 0.4527777777777778
3 0.4166666666666667 0.29305555555555557 0.28958333333333336 0.562037037037037
3 0.5643229166666667 0.08009259259259259 0.07760416666666667 0.15092592592592594
3 0.8544270833333333 0.23194444444444445 0.2859375 0.462037037037037
2 0.63515625 0.06944444444444445 0.07864583333333333 0.07592592592592592
