2 0.6236979166666666 0.14074074074074075 0.044270833333333336 0.07592592592592592
2 0.63984375 0.18101851851851852 0.0515625 0.0787037037037037
2 0.7119791666666667 0.27175925925925926 0.06354166666666666 0.09351851851851851
2 0.9015625 0.6310185185185185 0.1875 0.2935185185185185
2 0.9421875 0.44074074074074077 0.1125 0.2037037037037037
2 0.9046875 0.28194444444444444 0.084375 0.09166666666666666
2 0.9197916666666667 0.29583333333333334 0.08229166666666667 0.062037037037037036
2 0.9825520833333333 0.3425925925925926 0.03177083333333333 0.08333333333333333
2 0.80546875 0.21712962962962962 0.0484375 0.058333333333333334
2 0.8028645833333333 0.2814814814814815 0.050520833333333334 0.13518518518518519
2 0.7278645833333334 0.15601851851851853 0.03802083333333333 0.058333333333333334
1 0.9484375 0.3958333333333333 0.10104166666666667 0.1287037037037037
1 0.9528645833333333 0.34444444444444444 0.06927083333333334 0.0962962962962963
1 0.8640625 0.36203703703703705 0.09375 0.16111111111111112
1 0.7151041666666667 0.24351851851851852 0.06145833333333333 0.09259259259259259
1 0.6005208333333333 0.12268518518518519 0.052083333333333336 0.062037037037037036
5 0.7651041666666667 0.5796296296296296 0.042708333333333334 0.20925925925925926
5 0.79140625 0.3675925925925926 0.0234375 0.12407407407407407
5 0.6361979166666667 0.21851851851851853 0.013020833333333334 0.09074074074074075
5 0.6065104166666667 0.18101851851851852 0.015104166666666667 0.0787037037037037
4 0.5622395833333333 0.17592592592592593 0.0234375 0.09259259259259259
4 0.6716145833333333 0.24768518518518517 0.028645833333333332 0.11574074074074074
4 0.87578125 0.6638888888888889 0.06302083333333333 0.26296296296296295
