5 0.3966 0.3594 0.0364 0.1727
5 0.6191 0.2442 0.0262 0.1452
5 0.7023 0.2236 0.0217 0.1251
2 0.3814 0.2797 0.1162 0.2137
2 0.0479 0.2807 0.0702 0.1407
2 0.4314 0.1139 0.0573 0.0867
2 0.0078125 0.22314814814814815 0.014583333333333334 0.08333333333333333
2 0.17447916666666666 0.1814814814814815 0.109375 0.1259259259259259
2 0.5111979166666667 0.1648148148148148 0.07552083333333333 0.12407407407407407
2 0.5760416666666667 0.11296296296296296 0.08541666666666667 0.09444444444444444
2 0.5833333333333334 0.20324074074074075 0.10833333333333334 0.175
2 0.6559895833333333 0.17916666666666667 0.11302083333333333 0.1527777777777778
2 0.6190104166666667 0.07361111111111111 0.0484375 0.08981481481481482
2 0.6598958333333333 0.10648148148148148 0.06979166666666667 0.13333333333333333
2 0.6731770833333334 0.05092592592592592 0.05677083333333333 0.07407407407407407
2 0.7161458333333334 0.06574074074074074 0.05416666666666667 0.07037037037037037
2 0.7098958333333333 0.14212962962962963 0.07083333333333333 0.16018518518518518
2 0.7955729166666666 0.1259259259259259 0.11822916666666666 0.14074074074074075
2 0.853125 0.11574074074074074 0.0875 0.12222222222222222
1 0.93515625 0.09444444444444444 0.049479166666666664 0.07037037037037037
1 0.9763020833333333 0.10555555555555556 0.044270833333333336 0.08703703703703704
0 0.21328125 0.29212962962962963 0.04635416666666667 0.14351851851851852
0 0.24921875 0.27824074074074073 0.0578125 0.14166666666666666
0 0.2921875 0.26851851851851855 0.05 0.1259259259259259
0 0.29375 0.22592592592592592 0.05416666666666667 0.09444444444444444
0 0.953125 0.9254629629629629 0.09166666666666666 0.14537037037037037
5 0.884375 0.14166666666666666 0.016666666666666666 0.08703703703703704
5 0.84921875 0.15 0.018229166666666668 0.10185185185185185
5 0.78984375 0.16296296296296298 0.0109375 0.09814814814814815
5 0.9778645833333334 0.1449074074074074 0.013020833333333334 0.08055555555555556
4 0.5442708333333334 0.22962962962962963 0.046875 0.17037037037037037
4 0.4205729166666667 0.32222222222222224 0.044270833333333336 0.18518518518518517
4 0.6890625 0.14675925925925926 0.03229166666666667 0.10092592592592593
3 0.8549479166666667 0.01712962962962963 0.14739583333333334 0.032407407407407406
3 0.8869791666666667 0.11157407407407408 0.09166666666666666 0.13425925925925927
