3 0.724609375 0.1763888888888889 0.08359375 0.12222222222222222
3 0.7890625 0.16875 0.134375 0.09861111111111111
3 0.82578125 0.22430555555555556 0.0828125 0.16527777777777777
3 0.7453125 0.29305555555555557 0.175 0.25833333333333336
3 0.64765625 0.19375 0.09375 0.1986111111111111
3 0.478125 0.1840277777777778 0.2609375 0.2708333333333333
3 0.253515625 0.12569444444444444 0.08046875 0.09861111111111111
3 0.29140625 0.18194444444444444 0.1171875 0.18611111111111112
1 0.555078125 0.2375 0.11015625 0.22777777777777777
5 0.47734375 0.30972222222222223 0.0203125 0.15833333333333333
5 0.28515625 0.22291666666666668 0.0234375 0.09027777777777778
