2 0.5671875 0.13194444444444445 0.07916666666666666 0.06759259259259259
2 0.7322916666666667 0.1476851851851852 0.036458333333333336 0.049074074074074076
2 0.7856770833333333 0.18472222222222223 0.0484375 0.05092592592592592
2 0.7908854166666667 0.21666666666666667 0.05572916666666667 0.07407407407407407
2 0.8182291666666667 0.22361111111111112 0.027083333333333334 0.06759259259259259
2 0.7875 0.22916666666666666 0.06041666666666667 0.06574074074074074
2 0.7921875 0.262037037037037 0.065625 0.09074074074074075
2 0.7109375 0.26342592592592595 0.071875 0.11574074074074074
2 0.6588541666666666 0.17731481481481481 0.05416666666666667 0.0787037037037037
2 0.86015625 0.24305555555555555 0.024479166666666666 0.05462962962962963
2 0.8833333333333333 0.24259259259259258 0.0375 0.03518518518518519
2 0.9174479166666667 0.2726851851851852 0.04114583333333333 0.0787037037037037
2 0.9609375 0.30462962962962964 0.07291666666666667 0.07222222222222222
2 0.96953125 0.3472222222222222 0.058854166666666666 0.0962962962962963
2 0.8765625 0.28055555555555556 0.071875 0.09444444444444444
2 0.921875 0.35648148148148145 0.08958333333333333 0.13333333333333333
2 0.9424479166666667 0.44305555555555554 0.0984375 0.1824074074074074
1 0.9575520833333333 0.42314814814814816 0.0796875 0.17962962962962964
1 0.7981770833333334 0.34814814814814815 0.06197916666666667 0.18518518518518517
1 0.7348958333333333 0.31203703703703706 0.11666666666666667 0.17962962962962964
1 0.67578125 0.22037037037037038 0.09947916666666666 0.12222222222222222
1 0.6104166666666667 0.12268518518518519 0.040625 0.07314814814814814
1 0.5513020833333333 0.10833333333333334 0.04635416666666667 0.06851851851851852
5 0.6125 0.18703703703703703 0.010416666666666666 0.08148148148148149
5 0.634375 0.2152777777777778 0.0125 0.08981481481481482
5 0.6645833333333333 0.29583333333333334 0.021875 0.11574074074074074
5 0.7322916666666667 0.35509259259259257 0.021875 0.14166666666666666
4 0.88046875 0.45046296296296295 0.04635416666666667 0.17685185185185184
