5 0.0219 0.5819 0.0431 0.1947
5 0.6896 0.4170 0.0335 0.2159
2 0.5450 0.0625 0.0694 0.0639
2 0.6411 0.0664 0.0640 0.0750
2 0.4955 0.0736 0.0520 0.0693
2 0.6073 0.0651 0.0482 0.0602
2 0.23151041666666666 0.15092592592592594 0.07447916666666667 0.07962962962962963
2 0.04505208333333333 0.20879629629629629 0.058854166666666666 0.0712962962962963
2 0.11328125 0.16435185185185186 0.058854166666666666 0.06944444444444445
2 0.018489583333333334 0.3314814814814815 0.0359375 0.10925925925925926
1 0.6328125 0.0787037037037037 0.03333333333333333 0.06111111111111111
1 0.6513020833333333 0.08657407407407407 0.050520833333333334 0.08425925925925926
4 0.15416666666666667 0.5351851851851852 0.06666666666666667 0.26296296296296295
4 0.26067708333333334 0.3972222222222222 0.0484375 0.2518518518518518
3 0.32109375 0.08888888888888889 0.1796875 0.12777777777777777
3 0.39088541666666665 0.2912037037037037 0.2453125 0.5342592592592592
3 0.24609375 0.29259259259259257 0.1359375 0.3148148148148148
3 0.08958333333333333 0.4134259259259259 0.17708333333333334 0.43425925925925923
1 0.18333333333333332 0.20787037037037037 0.06354166666666666 0.1175925925925926
1 0.08515625 0.22870370370370371 0.0765625 0.07222222222222222
1 0.03359375 0.2912037037037037 0.0671875 0.08425925925925926
