5 0.7645833333333333 0.5921296296296297 0.03958333333333333 0.21203703703703702
4 0.7981770833333334 0.6106481481481482 0.06927083333333334 0.262037037037037
4 0.8658854166666666 0.44583333333333336 0.05677083333333333 0.1675925925925926
3 0.5611979166666666 0.2611111111111111 0.2890625 0.42407407407407405
3 0.9635416666666666 0.8449074074074074 0.06979166666666667 0.30277777777777776
2 0.8744791666666667 0.25324074074074077 0.06145833333333333 0.075
2 0.9239583333333333 0.26666666666666666 0.05625 0.04814814814814815
2 0.93203125 0.30462962962962964 0.07239583333333334 0.09444444444444444
2 0.971875 0.31203703703703706 0.042708333333333334 0.06481481481481481
2 0.9794270833333333 0.3472222222222222 0.0390625 0.07407407407407407
2 0.96015625 0.47453703703703703 0.07760416666666667 0.15462962962962962
2 0.7747395833333334 0.3925925925925926 0.1234375 0.17407407407407408
1 0.7200520833333334 0.2611111111111111 0.0546875 0.1685185185185185
1 0.7864583333333334 0.23935185185185184 0.07916666666666666 0.07685185185185185
1 0.8778645833333333 0.3625 0.07760416666666667 0.16574074074074074
1 0.9533854166666667 0.3939814814814815 0.08802083333333334 0.13796296296296295
1 0.87578125 0.29398148148148145 0.07447916666666667 0.08981481481481482
2 0.78515625 0.2967592592592593 0.08802083333333334 0.12129629629629629
1 0.6205729166666667 0.11805555555555555 0.0515625 0.03981481481481482
