5 0.6898 0.4155 0.0351 0.2334
5 0.0066 0.5860 0.0147 0.2138
2 0.5065 0.0701 0.0842 0.0773
2 0.5570 0.0577 0.0667 0.0811
2 0.221875 0.2861111111111111 0.10729166666666666 0.17962962962962964
2 0.08463541666666667 0.4740740740740741 0.1671875 0.35555555555555557
1 0.19427083333333334 0.2152777777777778 0.06979166666666667 0.08055555555555556
1 0.103125 0.2851851851851852 0.09375 0.12037037037037036
1 0.03125 0.39490740740740743 0.058333333333333334 0.1787037037037037
1 0.3302083333333333 0.17962962962962964 0.07708333333333334 0.10925925925925926
1 0.38203125 0.15092592592592594 0.05677083333333333 0.1
1 0.4231770833333333 0.12916666666666668 0.0578125 0.0787037037037037
1 0.4674479166666667 0.09861111111111111 0.059895833333333336 0.075
1 0.6375 0.08703703703703704 0.036458333333333336 0.08518518518518518
4 0.7510416666666667 0.3 0.042708333333333334 0.19444444444444445
4 0.31744791666666666 0.375 0.0390625 0.2222222222222222
4 0.25729166666666664 0.4 0.04895833333333333 0.22037037037037038
4 0.2859375 0.3773148148148148 0.03854166666666667 0.2175925925925926
4 0.16015625 0.4134259259259259 0.04114583333333333 0.21574074074074073
3 0.8520833333333333 0.2814814814814815 0.29375 0.5574074074074075
