2 0.8026 0.2053 0.0596 0.0661
2 0.8672 0.2071 0.0605 0.0738
2 0.730078125 0.1673611111111111 0.05390625 0.05694444444444444
2 0.76015625 0.21458333333333332 0.05 0.09861111111111111
2 0.59453125 0.1486111111111111 0.040625 0.075
2 0.24453125 0.15833333333333333 0.0609375 0.09444444444444444
2 0.308203125 0.12986111111111112 0.06953125 0.06805555555555555
2 0.30546875 0.20347222222222222 0.0875 0.13194444444444445
1 0.544921875 0.24930555555555556 0.11484375 0.1736111111111111
5 0.476171875 0.2875 0.02578125 0.1388888888888889
5 0.24609375 0.21875 0.0171875 0.10138888888888889
4 0.266796875 0.20972222222222223 0.03359375 0.1111111111111111
3 0.3890625 0.13055555555555556 0.0609375 0.10555555555555556
3 0.480859375 0.18055555555555555 0.22578125 0.23055555555555557
3 0.660546875 0.22430555555555556 0.10703125 0.17916666666666667
