5 0.4717 0.3175 0.0279 0.1706
5 0.8149 0.2531 0.0228 0.1373
5 0.5944 0.2411 0.0221 0.1498
5 0.821875 0.1865740740740741 0.016666666666666666 0.11574074074074074
5 0.91015625 0.15185185185185185 0.0234375 0.09814814814814815
5 0.98046875 0.16296296296296298 0.0140625 0.08518518518518518
5 0.9872395833333333 0.125 0.008854166666666666 0.08333333333333333
4 0.8747395833333333 0.14629629629629629 0.024479166666666666 0.11296296296296296
4 0.82109375 0.10925925925925926 0.018229166666666668 0.1
4 0.7604166666666666 0.21805555555555556 0.027083333333333334 0.15648148148148147
4 0.5473958333333333 0.22824074074074074 0.03333333333333333 0.1675925925925926
4 0.46119791666666665 0.24351851851851852 0.04010416666666667 0.1814814814814815
3 0.07239583333333334 0.36064814814814816 0.14479166666666668 0.2898148148148148
3 0.7033854166666667 0.075 0.0734375 0.11296296296296296
2 0.0328125 0.2513888888888889 0.06458333333333334 0.10833333333333334
2 0.17604166666666668 0.18888888888888888 0.11979166666666667 0.14074074074074075
2 0.3924479166666667 0.09351851851851851 0.050520833333333334 0.07592592592592592
2 0.4166666666666667 0.07916666666666666 0.041666666666666664 0.07314814814814814
2 0.46380208333333334 0.16898148148148148 0.0734375 0.15462962962962962
2 0.42421875 0.21388888888888888 0.09114583333333333 0.1648148148148148
2 0.3841145833333333 0.27824074074074073 0.13489583333333333 0.25833333333333336
2 0.03723958333333333 0.7435185185185185 0.0734375 0.5055555555555555
2 0.4817708333333333 0.04953703703703704 0.0375 0.05092592592592592
2 0.53359375 0.04212962962962963 0.0453125 0.05648148148148148
2 0.5606770833333333 0.08981481481481482 0.0515625 0.08703703703703704
2 0.5385416666666667 0.11944444444444445 0.06875 0.12777777777777777
2 0.5643229166666667 0.19583333333333333 0.0953125 0.18981481481481483
2 0.6002604166666666 0.13287037037037036 0.06614583333333333 0.11574074074074074
2 0.6697916666666667 0.1925925925925926 0.10729166666666666 0.18703703703703703
2 0.68984375 0.3435185185185185 0.15989583333333332 0.3074074074074074
2 0.659375 0.062037037037037036 0.04895833333333333 0.04814814814814815
2 0.66484375 0.12638888888888888 0.10260416666666666 0.1287037037037037
2 0.72578125 0.09722222222222222 0.04010416666666667 0.10185185185185185
2 0.7609375 0.14583333333333334 0.0625 0.11944444444444445
2 0.7888020833333333 0.10416666666666667 0.08072916666666667 0.08981481481481482
2 0.8369791666666667 0.10972222222222222 0.040625 0.10092592592592593
2 0.8776041666666666 0.12916666666666668 0.05625 0.12129629629629629
2 0.9361979166666666 0.1412037037037037 0.10052083333333334 0.13240740740740742
2 0.9760416666666667 0.10740740740740741 0.041666666666666664 0.08703703703703704
0 0.15078125 0.22453703703703703 0.04114583333333333 0.1175925925925926
0 0.17838541666666666 0.2023148148148148 0.04635416666666667 0.08055555555555556
0 0.21666666666666667 0.28379629629629627 0.06041666666666667 0.1398148148148148
0 0.23489583333333333 0.25416666666666665 0.05 0.11574074074074074
0 0.28020833333333334 0.26157407407407407 0.04791666666666667 0.13055555555555556
0 0.2859375 0.23287037037037037 0.04479166666666667 0.10648148148148148
0 0.31666666666666665 0.22175925925925927 0.052083333333333336 0.10648148148148148
0 0.33619791666666665 0.1925925925925926 0.0453125 0.08703703703703704
