5 0.6011 0.2425 0.0267 0.1443
5 0.6761 0.2138 0.0217 0.1186
5 0.4714 0.3023 0.0226 0.1561
2 0.1213 0.5502 0.1958 0.3338
2 0.2085 0.3560 0.2113 0.2296
2 0.6452 0.1720 0.1028 0.1356
2 0.5613 0.1871 0.0999 0.1454
2 0.4244 0.2007 0.0731 0.1310
2 0.7558 0.1264 0.1131 0.1163
2 0.5570 0.1109 0.0752 0.0845
1 0.8846354166666667 0.08425925925925926 0.0515625 0.05925925925925926
1 0.98125 0.10833333333333334 0.034375 0.07592592592592592
1 0.8200520833333333 0.08796296296296297 0.058854166666666666 0.07777777777777778
1 0.4231770833333333 0.08287037037037037 0.028645833333333332 0.05648148148148148
0 0.21901041666666668 0.2449074074074074 0.0515625 0.03981481481481482
0 0.2559895833333333 0.24675925925925926 0.04739583333333333 0.0787037037037037
0 0.2911458333333333 0.25972222222222224 0.05520833333333333 0.1175925925925926
0 0.315625 0.23842592592592593 0.051041666666666666 0.12685185185185185
0 0.33515625 0.2152777777777778 0.0359375 0.09907407407407408
0 0.3515625 0.2 0.035416666666666666 0.09444444444444444
0 0.36171875 0.17731481481481481 0.025520833333333333 0.05277777777777778
0 0.37604166666666666 0.16203703703703703 0.030208333333333334 0.05740740740740741
0 0.15807291666666667 0.22824074074074074 0.0421875 0.09722222222222222
5 0.7953125 0.17546296296296296 0.019791666666666666 0.10462962962962963
5 0.8591145833333333 0.15092592592592594 0.0203125 0.10925925925925926
5 0.8890625 0.14629629629629629 0.017708333333333333 0.08333333333333333
4 0.9515625 0.12777777777777777 0.022916666666666665 0.08518518518518518
4 0.70703125 0.18425925925925926 0.030729166666666665 0.13703703703703704
4 0.75 0.19166666666666668 0.03125 0.13703703703703704
4 0.5302083333333333 0.23796296296296296 0.03125 0.15185185185185185
4 0.4513020833333333 0.28935185185185186 0.04114583333333333 0.18981481481481483
2 0.6552083333333333 0.08148148148148149 0.053125 0.08703703703703704
2 0.6692708333333334 0.09074074074074075 0.046875 0.08888888888888889
2 0.7109375 0.10925925925925926 0.065625 0.11296296296296296
2 0.7825520833333334 0.12268518518518519 0.09322916666666667 0.1175925925925926
2 0.9151041666666667 0.12777777777777777 0.09270833333333334 0.09814814814814815
2 0.9541666666666667 0.10833333333333334 0.07916666666666666 0.10185185185185185
2 0.5940104166666667 0.12175925925925926 0.07864583333333333 0.08981481481481482
2 0.40677083333333336 0.0962962962962963 0.046875 0.06111111111111111
3 0.06484375 0.29814814814814816 0.0953125 0.22407407407407406
3 0.03177083333333333 0.18703703703703703 0.04479166666666667 0.10185185185185185
