5 0.7540 0.2554 0.0263 0.1387
5 0.4608 0.2831 0.0245 0.1512
5 0.7832 0.1655 0.0207 0.1059
2 0.6177 0.2583 0.1216 0.2134
2 0.3929 0.2495 0.1332 0.1959
2 0.5477 0.1878 0.0889 0.1280
2 0.0093 0.2020 0.0196 0.1084
1 0.9734375 0.10972222222222222 0.046875 0.0787037037037037
1 0.9369791666666667 0.09861111111111111 0.034375 0.075
0 0.14921875 0.22592592592592592 0.03802083333333333 0.08888888888888889
0 0.08880208333333334 0.21203703703703702 0.03177083333333333 0.07777777777777778
0 0.22057291666666667 0.27685185185185185 0.0453125 0.08703703703703704
0 0.2565104166666667 0.28379629629629627 0.043229166666666666 0.12129629629629629
0 0.28619791666666666 0.26342592592592595 0.06302083333333333 0.11574074074074074
0 0.315625 0.24953703703703703 0.05 0.1175925925925926
0 0.32890625 0.2222222222222222 0.0453125 0.07407407407407407
0 0.3419270833333333 0.20092592592592592 0.03802083333333333 0.05740740740740741
0 0.35651041666666666 0.18935185185185185 0.043229166666666666 0.04537037037037037
0 0.36692708333333335 0.16620370370370371 0.03802083333333333 0.049074074074074076
0 0.37994791666666666 0.1486111111111111 0.028645833333333332 0.07314814814814814
0 0.24817708333333333 0.1712962962962963 0.03697916666666667 0.08518518518518518
0 0.20833333333333334 0.18101851851851852 0.0375 0.06574074074074074
5 0.553125 0.2763888888888889 0.035416666666666666 0.15833333333333333
5 0.83515625 0.13842592592592592 0.015104166666666667 0.10462962962962963
5 0.8893229166666666 0.1486111111111111 0.0171875 0.10092592592592593
4 0.5588541666666667 0.2814814814814815 0.0375 0.1962962962962963
4 0.7411458333333333 0.2300925925925926 0.025 0.15462962962962962
4 0.8236979166666667 0.13472222222222222 0.030729166666666665 0.11018518518518519
3 0.85390625 0.0412037037037037 0.14635416666666667 0.08055555555555556
2 0.709375 0.1439814814814815 0.06145833333333333 0.1175925925925926
2 0.77265625 0.1162037037037037 0.07552083333333333 0.11388888888888889
2 0.8729166666666667 0.10462962962962963 0.07604166666666666 0.1111111111111111
2 0.9557291666666666 0.1087962962962963 0.06875 0.10648148148148148
2 0.5953125 0.12407407407407407 0.06979166666666667 0.08888888888888889
2 0.65703125 0.16574074074074074 0.1265625 0.18333333333333332
2 0.415625 0.09027777777777778 0.057291666666666664 0.0824074074074074
2 0.43984375 0.08101851851851852 0.0484375 0.0824074074074074
1 0.6205729166666667 0.046296296296296294 0.0359375 0.05555555555555555
