2 0.246875 0.13541666666666666 0.0578125 0.07916666666666666
2 0.279296875 0.16944444444444445 0.10390625 0.10833333333333334
2 0.3296875 0.1388888888888889 0.0359375 0.08055555555555556
2 0.385546875 0.1597222222222222 0.07109375 0.10555555555555556
2 0.415625 0.18680555555555556 0.0984375 0.10416666666666667
2 0.492578125 0.16458333333333333 0.07890625 0.07083333333333333
2 0.498046875 0.19305555555555556 0.09609375 0.10277777777777777
2 0.5765625 0.18819444444444444 0.0734375 0.06805555555555555
2 0.5640625 0.24027777777777778 0.0796875 0.13333333333333333
2 0.665234375 0.2298611111111111 0.09609375 0.12083333333333333
2 0.640234375 0.13680555555555557 0.06015625 0.05694444444444444
2 0.6015625 0.13819444444444445 0.034375 0.059722222222222225
2 0.516796875 0.12013888888888889 0.06328125 0.05416666666666667
5 0.52109375 0.26458333333333334 0.025 0.12916666666666668
5 0.303515625 0.19027777777777777 0.02109375 0.075
4 0.394921875 0.20555555555555555 0.03046875 0.1361111111111111
4 0.542578125 0.2520833333333333 0.02890625 0.1375
3 0.82578125 0.18819444444444444 0.0953125 0.09305555555555556
3 0.8484375 0.22152777777777777 0.0578125 0.10416666666666667
1 0.777734375 0.18541666666666667 0.03359375 0.05694444444444444
1 0.56171875 0.15763888888888888 0.0875 0.10138888888888889
