5 0.3811 0.3483 0.0336 0.1519
5 0.6751 0.1992 0.0199 0.1117
5 0.5424 0.2581 0.0201 0.1541
2 0.8884 0.2254 0.1288 0.1678
2 0.3806 0.2847 0.1182 0.2122
2 0.9334 0.1374 0.0981 0.1110
2 0.7996 0.1362 0.1033 0.1197
2 0.6273 0.1605 0.0868 0.1277
2 0.0289 0.2744 0.0599 0.1211
2 0.42734375 0.10601851851851851 0.05364583333333333 0.08055555555555556
1 0.4270833333333333 0.07222222222222222 0.035416666666666666 0.05185185185185185
0 0.22161458333333334 0.2884259259259259 0.05364583333333333 0.14351851851851852
0 0.31171875 0.2513888888888889 0.0609375 0.12129629629629629
0 0.3223958333333333 0.21388888888888888 0.05416666666666667 0.08703703703703704
0 0.37057291666666664 0.16296296296296298 0.04114583333333333 0.05925925925925926
5 0.978125 0.15601851851851853 0.0125 0.08981481481481482
5 0.9911458333333333 0.12916666666666668 0.014583333333333334 0.09166666666666666
5 0.8721354166666667 0.11898148148148148 0.019270833333333334 0.05462962962962963
4 0.7229166666666667 0.15416666666666667 0.027083333333333334 0.125
4 0.6979166666666666 0.16805555555555557 0.034375 0.12685185185185185
4 0.54296875 0.1625 0.033854166666666664 0.11944444444444445
4 0.47604166666666664 0.25462962962962965 0.041666666666666664 0.1685185185185185
3 0.94921875 0.0625 0.0984375 0.11944444444444445
3 0.01953125 0.21481481481481482 0.03697916666666667 0.18518518518518517
2 0.16432291666666668 0.17731481481481481 0.11197916666666667 0.12685185185185185
