5 0.4203 0.2724 0.0281 0.1589
5 0.6088 0.2496 0.0288 0.1320
5 0.7359 0.2392 0.0226 0.1304
5 0.8682 0.1601 0.0190 0.1125
2 0.043229166666666666 0.19212962962962962 0.04895833333333333 0.0824074074074074
2 0.17447916666666666 0.18703703703703703 0.11354166666666667 0.14074074074074075
2 0.43255208333333334 0.08194444444444444 0.0796875 0.06759259259259259
2 0.4278645833333333 0.11712962962962963 0.06927083333333334 0.09907407407407408
2 0.5229166666666667 0.1259259259259259 0.052083333333333336 0.12777777777777777
2 0.5515625 0.10092592592592593 0.071875 0.1037037037037037
2 0.6075520833333333 0.13796296296296295 0.0734375 0.11666666666666667
2 0.5708333333333333 0.2 0.1125 0.1685185185185185
2 0.6747395833333333 0.19768518518518519 0.12552083333333333 0.18611111111111112
2 0.6747395833333333 0.10601851851851851 0.0796875 0.10277777777777777
2 0.7153645833333333 0.12731481481481483 0.0453125 0.13055555555555556
2 0.79140625 0.14722222222222223 0.0953125 0.14629629629629629
2 0.8122395833333333 0.13703703703703704 0.10989583333333333 0.13703703703703704
1 0.6815104166666667 0.050462962962962966 0.0453125 0.03981481481481482
1 0.7143229166666667 0.07037037037037037 0.04635416666666667 0.06111111111111111
1 0.8263020833333333 0.09861111111111111 0.0546875 0.075
1 0.88203125 0.12916666666666668 0.07135416666666666 0.12314814814814815
0 0.21692708333333333 0.2935185185185185 0.0609375 0.14629629629629629
0 0.24609375 0.25787037037037036 0.0484375 0.11388888888888889
0 0.2643229166666667 0.24583333333333332 0.0453125 0.10277777777777777
0 0.28828125 0.24444444444444444 0.04010416666666667 0.11851851851851852
0 0.32578125 0.21944444444444444 0.05572916666666667 0.12037037037037036
0 0.9533854166666667 0.9351851851851852 0.09010416666666667 0.12222222222222222
5 0.92890625 0.13472222222222222 0.0140625 0.08981481481481482
5 0.9151041666666667 0.14351851851851852 0.016666666666666666 0.09444444444444444
4 0.7018229166666666 0.13564814814814816 0.0390625 0.08611111111111111
3 0.7177083333333333 0.03888888888888889 0.041666666666666664 0.07222222222222222
3 0.93203125 0.09537037037037037 0.1328125 0.18888888888888888
3 0.8893229166666666 0.11018518518518519 0.0828125 0.1111111111111111
