5 0.5537 0.2263 0.0259 0.0862
5 0.8143229166666667 0.17407407407407408 0.016145833333333335 0.11481481481481481
5 0.8044270833333333 0.2064814814814815 0.0140625 0.12777777777777777
5 0.8536458333333333 0.15185185185185185 0.009375 0.1111111111111111
5 0.8973958333333333 0.11898148148148148 0.015625 0.05462962962962963
5 0.97734375 0.11388888888888889 0.0109375 0.06851851851851852
5 0.98203125 0.12685185185185185 0.011979166666666667 0.06481481481481481
5 0.9888020833333333 0.14166666666666666 0.016145833333333335 0.07407407407407407
4 0.346875 0.30462962962962964 0.03854166666666667 0.1685185185185185
4 0.5354166666666667 0.2 0.03125 0.13333333333333333
4 0.7080729166666667 0.13333333333333333 0.03802083333333333 0.07777777777777778
4 0.78203125 0.18981481481481483 0.033854166666666664 0.08703703703703704
4 0.9583333333333334 0.09398148148148149 0.015625 0.06574074074074074
4 0.91875 0.0962962962962963 0.015625 0.06481481481481481
2 0.0203125 0.2564814814814815 0.03958333333333333 0.10185185185185185
2 0.034375 0.36898148148148147 0.06666666666666667 0.19166666666666668
2 0.07734375 0.5472222222222223 0.14635416666666667 0.3314814814814815
2 0.4041666666666667 0.09351851851851851 0.041666666666666664 0.07222222222222222
2 0.4401041666666667 0.05185185185185185 0.023958333333333335 0.046296296296296294
2 0.46380208333333334 0.03981481481481482 0.03177083333333333 0.04259259259259259
2 0.5296875 0.03333333333333333 0.051041666666666666 0.044444444444444446
2 0.6260416666666667 0.02361111111111111 0.0375 0.04537037037037037
2 0.59375 0.029166666666666667 0.041666666666666664 0.04351851851851852
2 0.6703125 0.029166666666666667 0.034375 0.04351851851851852
2 0.44609375 0.19907407407407407 0.0921875 0.17407407407407408
2 0.37604166666666666 0.28564814814814815 0.14583333333333334 0.2175925925925926
2 0.5013020833333334 0.39490740740740743 0.3619791666666667 0.32314814814814813
2 0.5518229166666667 0.11944444444444445 0.06927083333333334 0.11481481481481481
2 0.5875 0.13657407407407407 0.08645833333333333 0.1287037037037037
2 0.64921875 0.175 0.10989583333333333 0.17777777777777778
2 0.6463541666666667 0.09027777777777778 0.06875 0.06944444444444445
2 0.6838541666666667 0.07314814814814814 0.06770833333333333 0.07592592592592592
2 0.71484375 0.07361111111111111 0.04635416666666667 0.06388888888888888
2 0.7028645833333333 0.12268518518518519 0.07447916666666667 0.09537037037037037
2 0.7380208333333333 0.25 0.171875 0.21666666666666667
2 0.7703125 0.07962962962962963 0.053125 0.05
2 0.78359375 0.15092592592592594 0.0921875 0.1388888888888889
2 0.8096354166666667 0.08425925925925926 0.05572916666666667 0.053703703703703705
2 0.85546875 0.12037037037037036 0.058854166666666666 0.0962962962962963
2 0.8171875 0.1425925925925926 0.09375 0.13518518518518519
2 0.8848958333333333 0.10694444444444444 0.04479166666666667 0.09166666666666666
2 0.9502604166666667 0.14537037037037037 0.09635416666666667 0.12407407407407407
0 0.15546875 0.22083333333333333 0.0390625 0.10833333333333334
0 0.08333333333333333 0.20416666666666666 0.035416666666666666 0.08981481481481482
0 0.09791666666666667 0.2050925925925926 0.026041666666666668 0.05648148148148148
0 0.18151041666666667 0.2050925925925926 0.03802083333333333 0.09166666666666666
0 0.22369791666666666 0.27546296296296297 0.05677083333333333 0.1527777777777778
0 0.23697916666666666 0.26064814814814813 0.040625 0.10648148148148148
0 0.28984375 0.26851851851851855 0.0328125 0.13518518518518519
0 0.2828125 0.2412037037037037 0.05 0.10277777777777777
0 0.31276041666666665 0.225 0.0296875 0.0962962962962963
0 0.33125 0.19444444444444445 0.035416666666666666 0.07037037037037037
0 0.35989583333333336 0.18333333333333332 0.04479166666666667 0.08703703703703704
0 0.3859375 0.17037037037037037 0.03229166666666667 0.06481481481481481
