5 0.7231770833333333 0.3587962962962963 0.0265625 0.13240740740740742
5 0.6598958333333333 0.2967592592592593 0.019791666666666666 0.10092592592592593
5 0.621875 0.22037037037037038 0.009375 0.08333333333333333
5 0.6135416666666667 0.16111111111111112 0.014583333333333334 0.06296296296296296
4 0.7325520833333333 0.2273148148148148 0.022395833333333334 0.07314814814814814
4 0.6471354166666666 0.19814814814814816 0.0234375 0.09814814814814815
4 0.6247395833333333 0.16574074074074074 0.0203125 0.07407407407407407
3 0.8166666666666667 0.6824074074074075 0.36354166666666665 0.6314814814814815
3 0.8513020833333333 0.38935185185185184 0.2953125 0.4064814814814815
3 0.39088541666666665 0.27824074074074073 0.2078125 0.38981481481481484
2 0.6513020833333333 0.18287037037037038 0.06302083333333333 0.08055555555555556
2 0.7299479166666667 0.15787037037037038 0.0484375 0.05648148148148148
2 0.7794270833333333 0.18518518518518517 0.043229166666666666 0.05
2 0.7875 0.21944444444444444 0.06354166666666666 0.08148148148148149
2 0.7721354166666666 0.30092592592592593 0.0609375 0.1259259259259259
2 0.7169270833333333 0.22361111111111112 0.06614583333333333 0.08981481481481482
1 0.7072916666666667 0.3101851851851852 0.121875 0.16111111111111112
1 0.7703125 0.24768518518518517 0.04375 0.08425925925925926
