3 0.46901041666666665 0.22083333333333333 0.1640625 0.32314814814814813
2 0.8783854166666667 0.2712962962962963 0.0640625 0.08703703703703704
2 0.9265625 0.2884259259259259 0.06458333333333334 0.06944444444444445
2 0.9518229166666666 0.2847222222222222 0.043229166666666666 0.0712962962962963
2 0.9588541666666667 0.31527777777777777 0.071875 0.06759259259259259
2 0.971875 0.3439814814814815 0.053125 0.0712962962962963
2 0.9674479166666666 0.36435185185185187 0.06302083333333333 0.06574074074074074
2 0.7799479166666666 0.2 0.058854166666666666 0.05555555555555555
2 0.8130208333333333 0.22175925925925927 0.04479166666666667 0.058333333333333334
2 0.79375 0.24537037037037038 0.07916666666666666 0.07592592592592592
2 0.7276041666666667 0.21944444444444444 0.046875 0.08888888888888889
2 0.7325520833333333 0.1625 0.04010416666666667 0.06759259259259259
2 0.6401041666666667 0.19768518518518519 0.07291666666666667 0.09351851851851851
1 0.7674479166666667 0.31342592592592594 0.09947916666666666 0.13240740740740742
1 0.7895833333333333 0.36712962962962964 0.08125 0.20462962962962963
1 0.96171875 0.45925925925925926 0.0734375 0.2074074074074074
5 0.6018229166666667 0.14675925925925926 0.0140625 0.06574074074074074
5 0.615625 0.15 0.010416666666666666 0.07222222222222222
5 0.66875 0.2949074074074074 0.019791666666666666 0.10462962962962963
5 0.7322916666666667 0.37083333333333335 0.017708333333333333 0.11388888888888889
5 0.8713541666666667 0.6986111111111111 0.057291666666666664 0.22870370370370371
4 0.8611979166666667 0.4583333333333333 0.05260416666666667 0.18703703703703703
4 0.8825520833333333 0.40185185185185185 0.03802083333333333 0.07407407407407407
4 0.6442708333333333 0.15416666666666667 0.025 0.058333333333333334
4 0.6104166666666667 0.1787037037037037 0.017708333333333333 0.09814814814814815
