5 0.5468 0.2909 0.0286 0.1710
5 0.7997 0.2568 0.0230 0.1495
5 0.4029 0.3238 0.0297 0.1481
5 0.8747 0.1608 0.0184 0.1082
2 0.6325 0.1641 0.1003 0.1333
2 0.4053 0.2654 0.0888 0.2230
2 0.4303 0.0888 0.0639 0.1013
2 0.6572916666666667 0.058333333333333334 0.051041666666666666 0.07592592592592592
2 0.7153645833333333 0.10416666666666667 0.0453125 0.09722222222222222
2 0.7955729166666666 0.1375 0.09010416666666667 0.12685185185185185
2 0.9505208333333334 0.10833333333333334 0.058333333333333334 0.08518518518518518
2 0.8890625 0.1111111111111111 0.06041666666666667 0.09814814814814815
2 0.8765625 0.1259259259259259 0.058333333333333334 0.10185185185185185
1 0.013802083333333333 0.24212962962962964 0.0265625 0.09537037037037037
0 0.221875 0.26944444444444443 0.06458333333333334 0.09814814814814815
0 0.26015625 0.2708333333333333 0.043229166666666666 0.13055555555555556
0 0.28828125 0.2587962962962963 0.0609375 0.12314814814814815
0 0.31145833333333334 0.2412037037037037 0.05 0.1287037037037037
0 0.33177083333333335 0.2101851851851852 0.051041666666666666 0.11296296296296296
0 0.3541666666666667 0.1925925925925926 0.04479166666666667 0.0962962962962963
0 0.35911458333333335 0.1685185185185185 0.03802083333333333 0.06481481481481481
0 0.37994791666666666 0.15138888888888888 0.0390625 0.06944444444444445
0 0.15 0.23148148148148148 0.03854166666666667 0.07777777777777778
0 0.08489583333333334 0.20972222222222223 0.046875 0.075
5 0.9854166666666667 0.14537037037037037 0.011458333333333333 0.09444444444444444
5 0.9057291666666667 0.14444444444444443 0.014583333333333334 0.10925925925925926
4 0.70234375 0.16898148148148148 0.03177083333333333 0.1287037037037037
4 0.47291666666666665 0.24861111111111112 0.034375 0.16574074074074074
4 0.5299479166666666 0.24166666666666667 0.033854166666666664 0.15
3 0.9674479166666666 0.05648148148148148 0.059895833333333336 0.1111111111111111
