5 0.7891 0.7059 0.0525 0.2710
2 0.5434895833333333 0.10833333333333334 0.0328125 0.06666666666666667
2 0.5885416666666666 0.13148148148148148 0.057291666666666664 0.05740740740740741
2 0.61484375 0.1375 0.058854166666666666 0.05277777777777778
2 0.6130208333333333 0.1912037037037037 0.1125 0.08611111111111111
2 0.7356770833333334 0.16666666666666666 0.0453125 0.04814814814814815
2 0.79375 0.2162037037037037 0.075 0.09537037037037037
2 0.8703125 0.23055555555555557 0.052083333333333336 0.06666666666666667
2 0.9013020833333333 0.2722222222222222 0.06302083333333333 0.06296296296296296
2 0.9440104166666666 0.28055555555555556 0.027604166666666666 0.06296296296296296
2 0.9736979166666667 0.3037037037037037 0.049479166666666664 0.06481481481481481
2 0.78203125 0.39305555555555555 0.08489583333333334 0.1527777777777778
1 0.7815104166666667 0.2726851851851852 0.06302083333333333 0.12685185185185185
1 0.53125 0.1162037037037037 0.042708333333333334 0.06574074074074074
5 0.6419270833333334 0.2162037037037037 0.011979166666666667 0.08611111111111111
5 0.6684895833333333 0.2949074074074074 0.016145833333333335 0.11388888888888889
5 0.7338541666666667 0.3611111111111111 0.022916666666666665 0.13333333333333333
4 0.7005208333333334 0.38842592592592595 0.046875 0.175
4 0.7200520833333334 0.37407407407407406 0.0328125 0.17222222222222222
4 0.5677083333333334 0.17037037037037037 0.022916666666666665 0.08703703703703704
3 0.8817708333333333 0.4564814814814815 0.23333333333333334 0.43148148148148147
3 0.9377604166666667 0.8240740740740741 0.11927083333333334 0.34444444444444444
