2 0.9401041666666666 0.13472222222222222 0.03125 0.06388888888888888
2 0.91171875 0.14583333333333334 0.0453125 0.08981481481481482
2 0.87890625 0.15092592592592594 0.05260416666666667 0.10925925925925926
2 0.8359375 0.32083333333333336 0.11979166666666667 0.28425925925925927
2 0.5265625 0.19027777777777777 0.03854166666666667 0.14722222222222223
2 0.65625 0.1865740740740741 0.16770833333333332 0.14166666666666666
2 0.7575520833333333 0.07175925925925926 0.04010416666666667 0.06759259259259259
2 0.08489583333333334 0.32592592592592595 0.05 0.08888888888888889
1 0.8541666666666666 0.16898148148148148 0.065625 0.11574074074074074
0 0.9309895833333334 0.2657407407407407 0.0453125 0.15
0 0.74921875 0.11990740740740741 0.030729166666666665 0.05648148148148148
0 0.73515625 0.14305555555555555 0.044270833333333336 0.0712962962962963
0 0.68671875 0.10972222222222222 0.019270833333333334 0.06018518518518518
0 0.5986979166666667 0.15092592592592594 0.0421875 0.06851851851851852
0 0.0515625 0.5476851851851852 0.04895833333333333 0.16944444444444445
3 0.7369791666666666 0.06574074074074074 0.040625 0.13148148148148148
3 0.571875 0.10277777777777777 0.134375 0.20555555555555555
