5 0.0277 0.5594 0.0531 0.2153
5 0.6765 0.4071 0.0293 0.2289
2 0.5325520833333334 0.075 0.0578125 0.07407407407407407
2 0.6203125 0.09259259259259259 0.06041666666666667 0.1
2 0.10130208333333333 0.20972222222222223 0.09427083333333333 0.11388888888888889
2 0.10651041666666666 0.2652777777777778 0.0828125 0.13240740740740742
2 0.13255208333333332 0.3768518518518518 0.06614583333333333 0.22037037037037038
1 0.6526041666666667 0.08888888888888889 0.040625 0.08518518518518518
4 0.13463541666666667 0.41064814814814815 0.044270833333333336 0.20462962962962963
4 0.021875 0.35648148148148145 0.03958333333333333 0.13333333333333333
3 0.3372395833333333 0.3611111111111111 0.4171875 0.7203703703703703
