3 0.2859375 0.17777777777777778 0.1421875 0.19722222222222222
3 0.37578125 0.1375 0.053125 0.11944444444444445
3 0.4765625 0.1875 0.225 0.25277777777777777
3 0.53125 0.23055555555555557 0.1578125 0.2361111111111111
3 0.658984375 0.2125 0.10078125 0.24722222222222223
3 0.73671875 0.19305555555555556 0.1015625 0.20833333333333334
3 0.784375 0.2777777777777778 0.1625 0.30277777777777776
3 0.855078125 0.25069444444444444 0.07109375 0.2152777777777778
5 0.5171875 0.2972222222222222 0.0140625 0.12222222222222222
4 0.369921875 0.22430555555555556 0.02578125 0.12916666666666668
4 0.616796875 0.30069444444444443 0.03046875 0.13472222222222222
