2 0.41796875 0.10277777777777777 0.043229166666666666 0.07407407407407407
2 0.43411458333333336 0.08888888888888889 0.0328125 0.07592592592592592
2 0.4609375 0.0787037037037037 0.029166666666666667 0.06111111111111111
2 0.48359375 0.07407407407407407 0.022395833333333334 0.06296296296296296
2 0.4703125 0.15833333333333333 0.06458333333333334 0.12777777777777777
2 0.4393229166666667 0.21712962962962962 0.09635416666666667 0.1638888888888889
2 0.3846354166666667 0.28888888888888886 0.1390625 0.25925925925925924
2 0.15104166666666666 0.2013888888888889 0.12395833333333334 0.13055555555555556
2 0.5385416666666667 0.09212962962962963 0.06041666666666667 0.10092592592592593
2 0.5697916666666667 0.09861111111111111 0.065625 0.09537037037037037
2 0.58046875 0.11666666666666667 0.05572916666666667 0.08518518518518518
2 0.6096354166666667 0.25462962962962965 0.1421875 0.2462962962962963
2 0.6833333333333333 0.07916666666666666 0.026041666666666668 0.06944444444444445
2 0.7052083333333333 0.07777777777777778 0.041666666666666664 0.05
2 0.7106770833333333 0.11712962962962963 0.05572916666666667 0.09351851851851851
2 0.7151041666666667 0.049074074074074076 0.04479166666666667 0.05
2 0.7635416666666667 0.09537037037037037 0.036458333333333336 0.06296296296296296
2 0.7799479166666666 0.0837962962962963 0.033854166666666664 0.05648148148148148
2 0.8109375 0.07592592592592592 0.04479166666666667 0.046296296296296294
2 0.8471354166666667 0.11481481481481481 0.0734375 0.09814814814814815
2 0.8307291666666666 0.14537037037037037 0.103125 0.12407407407407407
2 0.8283854166666667 0.18564814814814815 0.1078125 0.14907407407407408
2 0.940625 0.13842592592592592 0.109375 0.1175925925925926
1 0.011197916666666667 0.23796296296296296 0.022395833333333334 0.0962962962962963
1 0.728125 0.5791666666666667 0.4010416666666667 0.6509259259259259
1 0.9770833333333333 0.09537037037037037 0.03958333333333333 0.08518518518518518
1 0.953125 0.08101851851851852 0.04583333333333333 0.03981481481481482
0 0.21848958333333332 0.28379629629629627 0.050520833333333334 0.13425925925925927
0 0.2578125 0.27314814814814814 0.040625 0.14814814814814814
0 0.28567708333333336 0.23796296296296296 0.044270833333333336 0.1
0 0.2950520833333333 0.20879629629629629 0.033854166666666664 0.08425925925925926
0 0.3385416666666667 0.20972222222222223 0.021875 0.08796296296296297
0 0.3263020833333333 0.21342592592592594 0.028645833333333332 0.06759259259259259
0 0.35182291666666665 0.18888888888888888 0.021354166666666667 0.037037037037037035
0 0.37578125 0.16203703703703703 0.0453125 0.03518518518518519
5 0.3734375 0.35324074074074074 0.027083333333333334 0.1824074074074074
5 0.6588541666666666 0.2916666666666667 0.021875 0.14629629629629629
5 0.7044270833333334 0.22037037037037038 0.0203125 0.13518518518518519
5 0.8893229166666666 0.22407407407407406 0.0109375 0.12037037037037036
5 0.88046875 0.1337962962962963 0.0234375 0.09166666666666666
5 0.865625 0.13333333333333333 0.013541666666666667 0.06481481481481481
4 0.90625 0.22685185185185186 0.030208333333333334 0.1574074074074074
4 0.4674479166666667 0.24953703703703703 0.044270833333333336 0.1787037037037037
3 0.65625 0.1361111111111111 0.13125 0.24814814814814815
