2 0.8393229166666667 0.1398148148148148 0.033854166666666664 0.07407407407407407
2 0.3653645833333333 0.7032407407407407 0.5859375 0.5898148148148148
2 0.11458333333333333 0.04953703703703704 0.12083333333333333 0.09907407407407408
2 0.08385416666666666 0.3055555555555556 0.16770833333333332 0.43148148148148147
0 0.97734375 0.37777777777777777 0.043229166666666666 0.0962962962962963
0 0.5591145833333333 0.19953703703703704 0.11302083333333333 0.21574074074074073
0 0.603125 0.3347222222222222 0.140625 0.225
0 0.38515625 0.09027777777777778 0.10989583333333333 0.1787037037037037
0 0.3458333333333333 0.19490740740740742 0.1375 0.23981481481481481
0 0.3125 0.10972222222222222 0.09583333333333334 0.19537037037037036
0 0.246875 0.05694444444444444 0.08229166666666667 0.11388888888888889
3 0.9166666666666666 0.19907407407407407 0.09895833333333333 0.14444444444444443
3 0.8979166666666667 0.25324074074074077 0.1375 0.23425925925925925
3 0.9458333333333333 0.5657407407407408 0.10520833333333333 0.4203703703703704
3 0.6328125 0.13935185185185187 0.25 0.27685185185185185
