5 0.5802 0.4547 0.0380 0.2272
2 0.3447 0.0895 0.0529 0.0600
2 0.2910 0.1043 0.0549 0.0612
2 0.4917 0.0642 0.0565 0.0567
1 0.5752604166666667 0.31203703703703706 0.15989583333333332 0.40925925925925927
1 0.209375 0.18796296296296297 0.09375 0.1574074074074074
1 0.11067708333333333 0.3111111111111111 0.08802083333333334 0.15925925925925927
1 0.045572916666666664 0.36527777777777776 0.09010416666666667 0.15833333333333333
1 0.06067708333333333 0.18055555555555555 0.0421875 0.07592592592592592
4 0.64296875 0.3175925925925926 0.04010416666666667 0.2462962962962963
4 0.2747395833333333 0.44583333333333336 0.058854166666666666 0.2638888888888889
4 0.2265625 0.4726851851851852 0.06354166666666666 0.25462962962962965
3 0.5591145833333333 0.11064814814814815 0.10260416666666666 0.13796296296296295
2 0.38958333333333334 0.1935185185185185 0.084375 0.12777777777777777
2 0.29348958333333336 0.2375 0.12760416666666666 0.19166666666666668
2 0.22760416666666666 0.3111111111111111 0.11458333333333333 0.19814814814814816
2 0.10755208333333334 0.22592592592592592 0.07447916666666667 0.12407407407407407
2 0.03515625 0.2759259259259259 0.0703125 0.12407407407407407
2 0.08333333333333333 0.5101851851851852 0.16458333333333333 0.32222222222222224
2 0.25026041666666665 0.14351851851851852 0.050520833333333334 0.06296296296296296
0 0.4479166666666667 0.08194444444444444 0.0375 0.06759259259259259
