5 0.4966 0.2832 0.0297 0.1304
2 0.575 0.13125 0.046875 0.05138888888888889
2 0.6546875 0.15555555555555556 0.03125 0.06111111111111111
2 0.684765625 0.15347222222222223 0.01640625 0.05694444444444444
2 0.707421875 0.15347222222222223 0.03671875 0.05694444444444444
2 0.5484375 0.2513888888888889 0.121875 0.16666666666666666
2 0.3015625 0.2048611111111111 0.1 0.14027777777777778
1 0.240625 0.19375 0.0578125 0.12361111111111112
1 0.51015625 0.10833333333333334 0.059375 0.06111111111111111
1 0.883984375 0.22291666666666668 0.04296875 0.06805555555555555
5 0.25 0.2222222222222222 0.021875 0.10833333333333334
4 0.65234375 0.28541666666666665 0.0265625 0.14027777777777778
3 0.7640625 0.29375 0.225 0.34305555555555556
3 0.63359375 0.1375 0.0359375 0.08055555555555556
3 0.47265625 0.17291666666666666 0.134375 0.1625
3 0.407421875 0.13125 0.08828125 0.10972222222222222
3 0.2828125 0.11527777777777778 0.1015625 0.08888888888888889
