5 0.2402 0.0819 0.0542 0.1756
2 0.9572916666666667 0.8652777777777778 0.08333333333333333 0.2657407407407407
2 0.9013020833333333 0.5254629629629629 0.1078125 0.19537037037037036
2 0.8408854166666667 0.6532407407407408 0.19739583333333333 0.3194444444444444
2 0.7833333333333333 0.43333333333333335 0.23020833333333332 0.35555555555555557
2 0.8526041666666667 0.3861111111111111 0.084375 0.14444444444444443
5 0.3828125 0.05138888888888889 0.03333333333333333 0.10277777777777777
5 0.74765625 0.5074074074074074 0.07552083333333333 0.19814814814814816
5 0.9010416666666666 0.45787037037037037 0.027083333333333334 0.06944444444444445
4 0.5651041666666666 0.42777777777777776 0.075 0.3055555555555556
4 0.9669270833333333 0.9277777777777778 0.0609375 0.14074074074074075
4 0.7895833333333333 0.3050925925925926 0.03125 0.09166666666666666
3 0.70703125 0.15185185185185185 0.1328125 0.2814814814814815
3 0.4276041666666667 0.1175925925925926 0.15 0.23333333333333334
