3 0.8515625 0.225 0.2875 0.45
3 0.6848958333333334 0.1175925925925926 0.15 0.23333333333333334
3 0.6013020833333333 0.09074074074074075 0.11197916666666667 0.1814814814814815
3 0.46015625 0.1486111111111111 0.14635416666666667 0.2972222222222222
3 0.34375 0.0699074074074074 0.13333333333333333 0.1398148148148148
3 0.23098958333333333 0.16712962962962963 0.1484375 0.25833333333333336
3 0.3619791666666667 0.3175925925925926 0.27708333333333335 0.55
3 0.1234375 0.22870370370370371 0.07395833333333333 0.22407407407407406
3 0.01171875 0.2708333333333333 0.0234375 0.1787037037037037
2 0.024479166666666666 0.19398148148148148 0.04895833333333333 0.09166666666666666
1 0.07395833333333333 0.2513888888888889 0.057291666666666664 0.11388888888888889
1 0.030989583333333334 0.300462962962963 0.0609375 0.15462962962962962
5 0.07942708333333333 0.5481481481481482 0.05572916666666667 0.19814814814814816
5 0.5958333333333333 0.3490740740740741 0.026041666666666668 0.18333333333333332
4 0.24166666666666667 0.3990740740740741 0.04791666666666667 0.22592592592592592
