5 0.6864583333333333 0.4166666666666667 0.03229166666666667 0.1962962962962963
5 0.030729166666666665 0.5606481481481481 0.057291666666666664 0.19537037037037036
4 0.23984375 0.40370370370370373 0.0640625 0.2037037037037037
4 0.73515625 0.2967592592592593 0.0453125 0.15648148148148147
3 0.8541666666666666 0.262037037037037 0.25729166666666664 0.45740740740740743
3 0.41770833333333335 0.2800925925925926 0.24375 0.537962962962963
2 0.290625 0.10185185185185185 0.06666666666666667 0.06666666666666667
1 0.20807291666666666 0.2587962962962963 0.0953125 0.18981481481481483
1 0.5338541666666666 0.07546296296296297 0.04479166666666667 0.07685185185185185
3 0.6317708333333333 0.06944444444444445 0.051041666666666666 0.08888888888888889
