2 0.82890625 0.3435185185185185 0.07135416666666666 0.08888888888888889
2 0.8994791666666667 0.4162037037037037 0.071875 0.1175925925925926
5 0.34453125 0.08009259259259259 0.0359375 0.15092592592592594
5 0.3221354166666667 0.3384259259259259 0.0734375 0.262037037037037
5 0.8 0.5731481481481482 0.07291666666666667 0.16111111111111112
4 0.6854166666666667 0.38564814814814813 0.06666666666666667 0.20277777777777778
3 0.4359375 0.1597222222222222 0.1375 0.2212962962962963
3 0.8755208333333333 0.6791666666666667 0.13854166666666667 0.2324074074074074
3 0.8315104166666667 0.47129629629629627 0.26197916666666665 0.32592592592592595
3 0.6880208333333333 0.15092592592592594 0.15520833333333334 0.24074074074074073
