5 0.1036 0.5502 0.0476 0.2113
5 0.5979 0.5216 0.0442 0.2463
3 0.2981 0.0833 0.0972 0.1175
2 0.3489583333333333 0.21203703703703702 0.12708333333333333 0.16111111111111112
2 0.2484375 0.2814814814814815 0.140625 0.20925925925925926
2 0.04635416666666667 0.2865740740740741 0.09166666666666666 0.09351851851851851
1 0.1953125 0.23935185185185184 0.06145833333333333 0.11574074074074074
1 0.021354166666666667 0.3925925925925926 0.040625 0.2
1 0.08046875 0.24583333333333332 0.07447916666666667 0.06759259259259259
1 0.023958333333333335 0.29768518518518516 0.04375 0.11574074074074074
1 0.08385416666666666 0.3962962962962963 0.165625 0.3851851851851852
4 0.7510416666666667 0.3055555555555556 0.03229166666666667 0.2222222222222222
4 0.24739583333333334 0.39814814814814814 0.052083333333333336 0.21481481481481482
3 0.5255208333333333 0.11157407407407408 0.06458333333333334 0.16574074074074074
3 0.5572916666666666 0.10601851851851851 0.090625 0.10648148148148148
3 0.57265625 0.3490740740740741 0.16197916666666667 0.4740740740740741
3 0.684375 0.12916666666666668 0.14791666666666667 0.2564814814814815
3 0.8479166666666667 0.24675925925925926 0.24791666666666667 0.4009259259259259
3 0.12291666666666666 0.19490740740740742 0.06145833333333333 0.1175925925925926
