3 0.285546875 0.17847222222222223 0.12578125 0.17916666666666667
3 0.44375 0.19305555555555556 0.1859375 0.24166666666666667
3 0.53515625 0.23680555555555555 0.1546875 0.22361111111111112
3 0.675 0.1840277777777778 0.11875 0.19305555555555556
3 0.77265625 0.2798611111111111 0.1671875 0.29583333333333334
3 0.830859375 0.22916666666666666 0.08828125 0.23055555555555557
3 0.87265625 0.22569444444444445 0.034375 0.16527777777777777
1 0.239453125 0.1736111111111111 0.05703125 0.08888888888888889
5 0.475 0.29375 0.0171875 0.13472222222222222
4 0.65859375 0.2916666666666667 0.0265625 0.14722222222222223
