1 0.298828125 0.19305555555555556 0.07109375 0.12222222222222222
1 0.33828125 0.18472222222222223 0.034375 0.10277777777777777
1 0.436328125 0.17916666666666667 0.07109375 0.10833333333333334
1 0.490234375 0.17569444444444443 0.07265625 0.08472222222222223
1 0.535546875 0.16597222222222222 0.05078125 0.06805555555555555
1 0.57421875 0.16180555555555556 0.0453125 0.06805555555555555
5 0.4890625 0.28888888888888886 0.021875 0.11944444444444445
5 0.297265625 0.23194444444444445 0.01484375 0.09722222222222222
4 0.267578125 0.16458333333333333 0.01484375 0.09861111111111111
4 0.234765625 0.17777777777777778 0.02734375 0.09166666666666666
4 0.394921875 0.21388888888888888 0.02734375 0.12222222222222222
4 0.5921875 0.25625 0.021875 0.14027777777777778
3 0.758203125 0.28125 0.17734375 0.3125
2 0.239453125 0.125 0.03984375 0.07777777777777778
2 0.383203125 0.13541666666666666 0.06015625 0.059722222222222225
2 0.426953125 0.1451388888888889 0.07734375 0.04583333333333333
2 0.532421875 0.2673611111111111 0.13828125 0.16805555555555557
2 0.63125 0.15486111111111112 0.025 0.07083333333333333
2 0.656640625 0.15138888888888888 0.04296875 0.05555555555555555
2 0.705859375 0.15833333333333333 0.04140625 0.05
2 0.64140625 0.24791666666666667 0.0640625 0.14583333333333334
2 0.877734375 0.21180555555555555 0.06640625 0.07083333333333333
