2 0.6651041666666667 0.21064814814814814 0.078125 0.09351851851851851
2 0.7278645833333334 0.17453703703703705 0.05260416666666667 0.0787037037037037
2 0.7309895833333333 0.22592592592592592 0.04739583333333333 0.10185185185185185
2 0.7638020833333333 0.2388888888888889 0.030729166666666665 0.08888888888888889
2 0.8005208333333333 0.2212962962962963 0.071875 0.09814814814814815
2 0.8544270833333333 0.26481481481481484 0.0453125 0.07407407407407407
2 0.8885416666666667 0.29907407407407405 0.07708333333333334 0.1
2 0.7893229166666667 0.39166666666666666 0.0640625 0.14629629629629629
1 0.7786458333333334 0.33935185185185185 0.10625 0.17314814814814813
5 0.8739583333333333 0.6912037037037037 0.04479166666666667 0.23055555555555557
5 0.7421875 0.36944444444444446 0.019791666666666666 0.15
5 0.6885416666666667 0.2902777777777778 0.016666666666666666 0.10092592592592593
5 0.6578125 0.2152777777777778 0.016666666666666666 0.08425925925925926
5 0.6177083333333333 0.19675925925925927 0.011458333333333333 0.075
4 0.7065104166666667 0.28379629629629627 0.034895833333333334 0.12685185185185185
3 0.878125 0.4305555555555556 0.2375 0.48148148148148145
3 0.9591145833333333 0.8842592592592593 0.07864583333333333 0.22407407407407406
