5 0.8714 0.6862 0.0584 0.2598
2 0.6184895833333334 0.1587962962962963 0.08697916666666666 0.0712962962962963
2 0.6380208333333334 0.19490740740740742 0.05625 0.09166666666666666
5 0.7364583333333333 0.36898148148148147 0.020833333333333332 0.13055555555555556
5 0.67578125 0.27175925925925926 0.016145833333333335 0.09351851851851851
5 0.64609375 0.2152777777777778 0.0171875 0.08055555555555556
5 0.615625 0.17592592592592593 0.011458333333333333 0.06296296296296296
3 0.6927083333333334 0.20972222222222223 0.11875 0.20833333333333334
3 0.509375 0.20092592592592592 0.20208333333333334 0.3537037037037037
3 0.8890625 0.44722222222222224 0.21875 0.46296296296296297
