5 0.7186 0.2395 0.0248 0.1342
5 0.4752 0.3151 0.0259 0.1434
5 0.6183 0.2424 0.0254 0.1401
5 0.8348 0.1505 0.0239 0.1019
2 0.9446 0.1392 0.0962 0.1216
2 0.6722 0.1903 0.1036 0.1585
2 0.4325 0.1963 0.0894 0.1394
2 0.5826 0.2056 0.0911 0.1475
2 0.5328 0.1587 0.0871 0.1441
2 0.7920 0.1296 0.0835 0.1069
2 0.6752 0.0972 0.0773 0.0938
1 0.9700520833333334 0.0962962962962963 0.050520833333333334 0.09074074074074075
0 0.21927083333333333 0.26666666666666666 0.05520833333333333 0.0962962962962963
0 0.26067708333333334 0.2773148148148148 0.0421875 0.12685185185185185
0 0.2916666666666667 0.25972222222222224 0.05 0.1175925925925926
0 0.3151041666666667 0.24212962962962964 0.046875 0.11388888888888889
0 0.3302083333333333 0.21851851851851853 0.04479166666666667 0.10555555555555556
0 0.34921875 0.20972222222222223 0.0359375 0.10833333333333334
0 0.36171875 0.18703703703703703 0.033854166666666664 0.08518518518518518
0 0.3807291666666667 0.16527777777777777 0.03958333333333333 0.08981481481481482
0 0.15494791666666666 0.22546296296296298 0.04010416666666667 0.06944444444444445
0 0.09036458333333333 0.22037037037037038 0.050520833333333334 0.07407407407407407
0 0.4700520833333333 0.09398148148148149 0.0328125 0.06944444444444445
5 0.7924479166666667 0.17037037037037037 0.025520833333333333 0.1037037037037037
5 0.9885416666666667 0.15648148148148147 0.0125 0.1111111111111111
4 0.7065104166666667 0.14537037037037037 0.0234375 0.07962962962962963
4 0.5385416666666667 0.2361111111111111 0.042708333333333334 0.1648148148148148
3 0.9598958333333333 0.06111111111111111 0.07708333333333334 0.1111111111111111
2 0.7239583333333334 0.06851851851851852 0.03958333333333333 0.07407407407407407
2 0.8677083333333333 0.10416666666666667 0.08645833333333333 0.08981481481481482
2 0.8684895833333334 0.1259259259259259 0.08177083333333333 0.09814814814814815
2 0.4315104166666667 0.09027777777777778 0.0515625 0.0824074074074074
1 0.018229166666666668 0.21203703703703702 0.036458333333333336 0.07037037037037037
1 0.89375 0.09398148148148149 0.04895833333333333 0.0824074074074074
