2 0.38203125 0.10069444444444445 0.0484375 0.043055555555555555
2 0.4140625 0.10277777777777777 0.05625 0.05
2 0.489453125 0.17916666666666667 0.11484375 0.12777777777777777
2 0.406640625 0.19583333333333333 0.11484375 0.11666666666666667
1 0.660546875 0.1736111111111111 0.04921875 0.07222222222222222
1 0.86875 0.22777777777777777 0.05625 0.10555555555555556
1 0.248046875 0.15694444444444444 0.06796875 0.1361111111111111
5 0.264453125 0.21597222222222223 0.02421875 0.0875
5 0.469140625 0.2673611111111111 0.01953125 0.10694444444444444
4 0.369140625 0.22777777777777777 0.02265625 0.1111111111111111
3 0.5328125 0.24444444444444444 0.1625 0.20277777777777778
3 0.742578125 0.26944444444444443 0.19296875 0.2916666666666667
3 0.3 0.15138888888888888 0.1 0.1361111111111111
