5 0.1013 0.5835 0.0508 0.2253
5 0.5474 0.4388 0.0387 0.2203
2 0.0642 0.1720 0.0740 0.0756
2 0.2651 0.1069 0.0579 0.0612
2 0.2760416666666667 0.1685185185185185 0.04375 0.07777777777777778
2 0.21015625 0.23472222222222222 0.0953125 0.1287037037037037
2 0.11171875 0.20972222222222223 0.05572916666666667 0.10092592592592593
2 0.11197916666666667 0.2601851851851852 0.075 0.10925925925925926
2 0.05260416666666667 0.2574074074074074 0.075 0.0962962962962963
2 0.0296875 0.31527777777777777 0.059375 0.11574074074074074
2 0.07682291666666667 0.4962962962962963 0.15364583333333334 0.3425925925925926
2 0.24192708333333332 0.30324074074074076 0.14427083333333332 0.25277777777777777
1 0.09036458333333333 0.3148148148148148 0.09739583333333333 0.13518518518518519
1 0.02109375 0.3824074074074074 0.0421875 0.13518518518518519
1 0.022395833333333334 0.22175925925925927 0.04375 0.08055555555555556
4 0.6591145833333333 0.31574074074074077 0.0359375 0.23703703703703705
4 0.5703125 0.6773148148148148 0.11875 0.3416666666666667
4 0.29401041666666666 0.38935185185185184 0.0390625 0.225
3 0.32890625 0.1912037037037037 0.10989583333333333 0.24537037037037038
3 0.4390625 0.13657407407407407 0.08125 0.14166666666666666
3 0.5041666666666667 0.1050925925925926 0.05416666666666667 0.13055555555555556
3 0.5401041666666667 0.09953703703703703 0.06875 0.13796296296296295
3 0.5760416666666667 0.09861111111111111 0.08541666666666667 0.062037037037037036
3 0.6046875 0.07453703703703704 0.07604166666666666 0.07314814814814814
3 0.73828125 0.1675925925925926 0.07239583333333334 0.23333333333333334
3 0.8158854166666667 0.25 0.18697916666666667 0.37222222222222223
3 0.5559895833333334 0.28055555555555556 0.16510416666666666 0.4203703703703704
2 0.6567708333333333 0.14537037037037037 0.084375 0.13703703703703704
1 0.4317708333333333 0.07546296296296297 0.06458333333333334 0.06759259259259259
