5 0.7172 0.4467 0.0400 0.1920
5 0.4053 0.3620 0.0319 0.1752
2 0.2096 0.3532 0.1519 0.3014
2 0.4401 0.2660 0.1164 0.2607
1 0.6419270833333334 0.06574074074074074 0.06927083333333334 0.12222222222222222
1 0.6583333333333333 0.08518518518518518 0.06979166666666667 0.1
5 0.49375 0.10787037037037037 0.019791666666666666 0.10462962962962963
5 0.659375 0.10092592592592593 0.025 0.02962962962962963
4 0.48125 0.29259259259259257 0.0375 0.1925925925925926
4 0.52421875 0.09074074074074075 0.025520833333333333 0.12037037037037036
4 0.2671875 0.09444444444444444 0.027083333333333334 0.1
4 0.17395833333333333 0.1726851851851852 0.023958333333333335 0.10833333333333334
4 0.18463541666666666 0.18611111111111112 0.033854166666666664 0.07407407407407407
4 0.22604166666666667 0.07546296296296297 0.019791666666666666 0.09351851851851851
3 0.42552083333333335 0.02962962962962963 0.06145833333333333 0.05925925925925926
3 0.4953125 0.07777777777777778 0.078125 0.15555555555555556
3 0.30442708333333335 0.05277777777777778 0.07864583333333333 0.10555555555555556
3 0.33307291666666666 0.10231481481481482 0.11927083333333334 0.20277777777777778
2 0.46432291666666664 0.03981481481481482 0.030729166666666665 0.07777777777777778
2 0.18411458333333333 0.08611111111111111 0.06510416666666667 0.06111111111111111
2 0.18880208333333334 0.1375 0.0734375 0.13055555555555556
2 0.04010416666666667 0.23703703703703705 0.07916666666666666 0.12962962962962962
2 0.030208333333333334 0.2962962962962963 0.06041666666666667 0.14814814814814814
3 0.7018229166666666 0.2740740740740741 0.1515625 0.3907407407407407
