2 0.9 0.4263888888888889 0.06145833333333333 0.11944444444444445
2 0.8859375 0.4759259259259259 0.071875 0.18703703703703703
2 0.9510416666666667 0.8611111111111112 0.09270833333333334 0.2740740740740741
2 0.62265625 0.3111111111111111 0.19010416666666666 0.3111111111111111
2 0.7296875 0.2 0.05625 0.14074074074074075
1 0.8395833333333333 0.9222222222222223 0.296875 0.14814814814814814
5 0.8729166666666667 0.687962962962963 0.07604166666666666 0.17592592592592593
5 0.8729166666666667 0.8629629629629629 0.06770833333333333 0.12222222222222222
5 0.8005208333333333 0.3384259259259259 0.034375 0.09166666666666666
5 0.7005208333333334 0.21851851851851853 0.03958333333333333 0.08703703703703704
5 0.4234375 0.33240740740740743 0.06458333333333334 0.2462962962962963
4 0.9494791666666667 0.8740740740740741 0.09583333333333334 0.18703703703703703
