5 0.4471 0.2243 0.0297 0.1493
5 0.6170 0.4181 0.0311 0.2025
2 0.1001 0.2553 0.1414 0.1619
2 0.4050 0.0498 0.0766 0.0963
3 0.28854166666666664 0.05277777777777778 0.053125 0.1037037037037037
3 0.3653645833333333 0.024074074074074074 0.06822916666666666 0.04814814814814815
2 0.21328125 0.11296296296296296 0.1171875 0.11481481481481481
2 0.4627604166666667 0.03518518518518519 0.0421875 0.07037037037037037
2 0.49453125 0.06111111111111111 0.059895833333333336 0.12222222222222222
2 0.04296875 0.18564814814814815 0.05677083333333333 0.12129629629629629
5 0.6302083333333334 0.075 0.021875 0.08333333333333333
5 0.53125 0.11064814814814815 0.014583333333333334 0.09722222222222222
5 0.03177083333333333 0.24675925925925926 0.022916666666666665 0.10833333333333334
