2 0.559375 0.1087962962962963 0.034375 0.058333333333333334
2 0.5359375 0.1125 0.04479166666666667 0.058333333333333334
2 0.5875 0.1300925925925926 0.05416666666666667 0.06759259259259259
2 0.5817708333333333 0.5569444444444445 0.3385416666666667 0.33796296296296297
2 0.6276041666666666 0.15324074074074073 0.040625 0.07314814814814814
2 0.78515625 0.38981481481481484 0.07239583333333334 0.18518518518518517
2 0.95234375 0.362962962962963 0.0828125 0.08888888888888889
2 0.9515625 0.34074074074074073 0.09166666666666666 0.10925925925925926
2 0.8682291666666667 0.24861111111111112 0.04479166666666667 0.05277777777777778
2 0.9052083333333333 0.25277777777777777 0.03958333333333333 0.05
2 0.8942708333333333 0.275 0.03958333333333333 0.07037037037037037
2 0.9278645833333333 0.2912037037037037 0.0484375 0.08425925925925926
1 0.6838541666666667 0.23796296296296296 0.096875 0.13148148148148148
1 0.7765625 0.275 0.08020833333333334 0.14814814814814814
5 0.7799479166666666 0.6967592592592593 0.0453125 0.24722222222222223
5 0.7122395833333334 0.3537037037037037 0.0265625 0.1259259259259259
5 0.68125 0.2773148148148148 0.016666666666666666 0.09537037037037037
5 0.65234375 0.3074074074074074 0.019270833333333334 0.0962962962962963
5 0.6348958333333333 0.2125 0.0125 0.08055555555555556
5 0.5799479166666667 0.1787037037037037 0.018229166666666668 0.08703703703703704
4 0.6161458333333333 0.18472222222222223 0.025 0.09351851851851851
4 0.8763020833333334 0.44305555555555554 0.043229166666666666 0.14351851851851852
3 0.8721354166666667 0.5615740740740741 0.25052083333333336 0.4564814814814815
3 0.9700520833333334 0.9101851851851852 0.05677083333333333 0.17592592592592593
