2 0.5 0.26944444444444443 0.1640625 0.17222222222222222
2 0.5859375 0.23819444444444443 0.0453125 0.14305555555555555
2 0.887890625 0.2388888888888889 0.05390625 0.07777777777777778
2 0.251953125 0.16458333333333333 0.06796875 0.10694444444444444
2 0.326171875 0.1125 0.05546875 0.04722222222222222
2 0.30234375 0.20625 0.090625 0.1486111111111111
2 0.25234375 0.11527777777777778 0.05625 0.05277777777777778
5 0.448828125 0.27708333333333335 0.02734375 0.09305555555555556
4 0.266796875 0.21666666666666667 0.02734375 0.1
3 0.467578125 0.18194444444444444 0.21796875 0.25277777777777777
3 0.6828125 0.14652777777777778 0.1421875 0.11805555555555555
3 0.73046875 0.29583333333333334 0.209375 0.2833333333333333
2 0.38984375 0.16111111111111112 0.071875 0.08888888888888889
