5 0.555078125 0.2847222222222222 0.01484375 0.13333333333333333
5 0.251953125 0.22430555555555556 0.01171875 0.09027777777777778
4 0.431640625 0.22430555555555556 0.01796875 0.10972222222222222
4 0.4140625 0.2222222222222222 0.0203125 0.12777777777777777
4 0.4 0.21736111111111112 0.025 0.12083333333333333
3 0.75234375 0.28888888888888886 0.2421875 0.3638888888888889
2 0.271875 0.16597222222222222 0.0453125 0.07916666666666666
2 0.29921875 0.20833333333333334 0.1125 0.1388888888888889
2 0.390625 0.18680555555555556 0.0703125 0.10138888888888889
2 0.45078125 0.1736111111111111 0.0828125 0.10833333333333334
2 0.6453125 0.17430555555555555 0.0515625 0.09861111111111111
2 0.89140625 0.23125 0.05 0.07361111111111111
2 0.64921875 0.14444444444444443 0.0640625 0.06111111111111111
1 0.241015625 0.19930555555555557 0.06796875 0.12083333333333333
