2 0.651171875 0.20902777777777778 0.04296875 0.0875
2 0.6796875 0.2076388888888889 0.0453125 0.08472222222222223
2 0.30078125 0.21388888888888888 0.0859375 0.12222222222222222
2 0.896484375 0.21944444444444444 0.05078125 0.06666666666666667
1 0.254296875 0.18333333333333332 0.08671875 0.13333333333333333
1 0.381640625 0.19652777777777777 0.04765625 0.1375
5 0.255078125 0.21319444444444444 0.02109375 0.0875
5 0.48671875 0.30416666666666664 0.0265625 0.1527777777777778
3 0.493359375 0.20069444444444445 0.23046875 0.2263888888888889
3 0.541015625 0.2423611111111111 0.14453125 0.20694444444444443
3 0.757421875 0.28958333333333336 0.21328125 0.27361111111111114
3 0.806640625 0.17847222222222223 0.11484375 0.10138888888888889
3 0.705078125 0.14652777777777778 0.13359375 0.10416666666666667
