2 0.8645833333333334 0.13333333333333333 0.06666666666666667 0.15185185185185185
2 0.9354166666666667 0.20925925925925926 0.12604166666666666 0.20925925925925926
2 0.9768229166666667 0.34305555555555556 0.04114583333333333 0.25277777777777777
2 0.026302083333333334 0.5018518518518519 0.05260416666666667 0.2833333333333333
2 0.35078125 0.43333333333333335 0.4171875 0.25555555555555554
0 0.6979166666666666 0.125 0.041666666666666664 0.13148148148148148
0 0.7354166666666667 0.20324074074074075 0.05625 0.14722222222222223
0 0.8114583333333333 0.30694444444444446 0.12916666666666668 0.17685185185185184
0 0.8338541666666667 0.19722222222222222 0.03229166666666667 0.13518518518518519
0 0.8674479166666667 0.2518518518518518 0.07135416666666666 0.15925925925925927
5 0.26223958333333336 0.2861111111111111 0.0421875 0.17962962962962964
5 0.10338541666666666 0.32407407407407407 0.043229166666666666 0.14629629629629629
3 0.5794270833333334 0.175 0.20677083333333332 0.34814814814814815
3 0.7041666666666667 0.04583333333333333 0.09375 0.09166666666666666
3 0.8833333333333333 0.06620370370370371 0.09375 0.12685185185185185
3 0.20442708333333334 0.17083333333333334 0.2640625 0.3398148148148148
3 0.33151041666666664 0.6694444444444444 0.6619791666666667 0.6537037037037037
