0 0.96171875 0.3384259259259259 0.07447916666666667 0.11388888888888889
0 0.9640625 0.362962962962963 0.06979166666666667 0.08518518518518518
0 0.95390625 0.38935185185185184 0.08697916666666666 0.11018518518518519
0 0.9473958333333333 0.4324074074074074 0.09895833333333333 0.12222222222222222
0 0.9328125 0.4828703703703704 0.13125 0.21574074074074073
0 0.31276041666666665 0.30694444444444446 0.08177083333333333 0.1638888888888889
5 0.4388020833333333 0.055092592592592596 0.008854166666666666 0.05277777777777778
5 0.20755208333333333 0.2337962962962963 0.015104166666666667 0.09537037037037037
5 0.19661458333333334 0.1925925925925926 0.0140625 0.1
4 0.4361979166666667 0.04675925925925926 0.016145833333333335 0.06944444444444445
3 0.5768229166666666 0.07777777777777778 0.0484375 0.15
3 0.6122395833333333 0.05 0.0390625 0.09814814814814815
3 0.2640625 0.05787037037037037 0.034375 0.10648148148148148
3 0.053125 0.16620370370370371 0.03958333333333333 0.1175925925925926
3 0.08359375 0.12685185185185185 0.0859375 0.11666666666666667
2 0.39479166666666665 0.046296296296296294 0.019791666666666666 0.06481481481481481
2 0.2669270833333333 0.20324074074074075 0.12135416666666667 0.1787037037037037
2 0.13932291666666666 0.1726851851851852 0.0859375 0.12314814814814815
2 0.17786458333333333 0.18009259259259258 0.1015625 0.14166666666666666
2 0.2125 0.4023148148148148 0.16875 0.2898148148148148
2 0.07239583333333334 0.5148148148148148 0.140625 0.3314814814814815
1 0.4752604166666667 0.0375 0.0546875 0.07314814814814814
1 0.42604166666666665 0.031018518518518518 0.028125 0.062037037037037036
