5 0.6177 0.2611 0.0255 0.1440
5 0.3616 0.2947 0.0313 0.1136
5 0.8059 0.3017 0.0266 0.1578
5 0.8532 0.1595 0.0200 0.1083
5 0.7815104166666667 0.17083333333333334 0.018229166666666668 0.11388888888888889
5 0.90078125 0.15046296296296297 0.011979166666666667 0.09166666666666666
5 0.9908854166666666 0.1361111111111111 0.011979166666666667 0.06111111111111111
5 0.9932291666666667 0.1648148148148148 0.011458333333333333 0.08888888888888889
4 0.46067708333333335 0.2162037037037037 0.0359375 0.1361111111111111
4 0.57578125 0.1726851851851852 0.025520833333333333 0.049074074074074076
4 0.8690104166666667 0.14629629629629629 0.021354166666666667 0.11296296296296296
4 0.8778645833333333 0.15185185185185185 0.021354166666666667 0.11481481481481481
4 0.88359375 0.14907407407407408 0.024479166666666666 0.10925925925925926
3 0.984375 0.09398148148148149 0.029166666666666667 0.0824074074074074
3 0.6416666666666667 0.13703703703703704 0.12395833333333334 0.25
3 0.65546875 0.03657407407407407 0.05364583333333333 0.058333333333333334
3 0.7002604166666667 0.04490740740740741 0.04635416666666667 0.08055555555555556
3 0.7255208333333333 0.04212962962962963 0.026041666666666668 0.075
3 0.7859375 0.050462962962962966 0.0875 0.09537037037037037
3 0.5302083333333333 0.08101851851851852 0.065625 0.10092592592592593
3 0.38385416666666666 0.21944444444444444 0.15729166666666666 0.2759259259259259
2 0.08567708333333333 0.31805555555555554 0.10572916666666667 0.20277777777777778
2 0.46432291666666664 0.058333333333333334 0.05572916666666667 0.05925925925925926
2 0.4744791666666667 0.08009259259259259 0.06041666666666667 0.0712962962962963
2 0.47604166666666664 0.11527777777777778 0.04895833333333333 0.10648148148148148
2 0.4666666666666667 0.1486111111111111 0.05416666666666667 0.15648148148148147
2 0.4080729166666667 0.4148148148148148 0.3255208333333333 0.32222222222222224
2 0.5497395833333333 0.10648148148148148 0.05260416666666667 0.07222222222222222
2 0.5734375 0.10416666666666667 0.06041666666666667 0.06759259259259259
2 0.5333333333333333 0.17592592592592593 0.05 0.1814814814814815
2 0.5833333333333334 0.21666666666666667 0.11145833333333334 0.1962962962962963
2 0.734375 0.25555555555555554 0.1625 0.21296296296296297
2 0.6830729166666667 0.0837962962962963 0.05260416666666667 0.0787037037037037
2 0.7182291666666667 0.08148148148148149 0.04791666666666667 0.06111111111111111
2 0.69609375 0.12037037037037036 0.04114583333333333 0.08703703703703704
2 0.803125 0.13425925925925927 0.10104166666666667 0.12407407407407407
2 0.8328125 0.12129629629629629 0.06666666666666667 0.11481481481481481
2 0.8890625 0.08657407407407407 0.07083333333333333 0.049074074074074076
2 0.8856770833333333 0.11990740740740741 0.06927083333333334 0.1175925925925926
2 0.9486979166666667 0.1412037037037037 0.09739583333333333 0.125
2 0.9520833333333333 0.0875 0.04791666666666667 0.06574074074074074
1 0.9645833333333333 0.11157407407407408 0.04583333333333333 0.06574074074074074
0 0.08385416666666666 0.22592592592592592 0.03229166666666667 0.10185185185185185
0 0.09895833333333333 0.20972222222222223 0.03125 0.062037037037037036
0 0.22473958333333333 0.2796296296296296 0.058854166666666666 0.1388888888888889
0 0.23984375 0.26944444444444443 0.04739583333333333 0.10185185185185185
0 0.29375 0.2652777777777778 0.03229166666666667 0.125
0 0.28515625 0.23703703703703705 0.0578125 0.12037037037037036
0 0.30546875 0.2310185185185185 0.03697916666666667 0.08055555555555556
0 0.3221354166666667 0.20787037037037037 0.025520833333333333 0.05277777777777778
0 0.01953125 0.19722222222222222 0.034895833333333334 0.07407407407407407
3 0.037760416666666664 0.19166666666666668 0.0453125 0.12407407407407407
