2 0.6169270833333333 0.05648148148148148 0.058854166666666666 0.08518518518518518
2 0.4895833333333333 0.06620370370370371 0.04375 0.09166666666666666
2 0.4036458333333333 0.05694444444444444 0.05 0.09166666666666666
2 0.40260416666666665 0.16712962962962963 0.07708333333333334 0.14537037037037037
2 0.16692708333333334 0.1388888888888889 0.0296875 0.07592592592592592
2 0.18567708333333333 0.17083333333333334 0.0796875 0.13055555555555556
2 0.09895833333333333 0.2861111111111111 0.15104166666666666 0.1925925925925926
2 0.2109375 0.3990740740740741 0.16145833333333334 0.2962962962962963
2 0.07135416666666666 0.5092592592592593 0.14166666666666666 0.32037037037037036
0 0.30963541666666666 0.30925925925925923 0.0859375 0.15925925925925927
0 0.96015625 0.3351851851851852 0.0765625 0.12407407407407407
0 0.9619791666666667 0.3731481481481482 0.07395833333333333 0.11851851851851852
0 0.9559895833333333 0.4046296296296296 0.0859375 0.12037037037037036
0 0.9520833333333333 0.43842592592592594 0.09270833333333334 0.14907407407407408
0 0.9315104166666667 0.47685185185185186 0.13177083333333334 0.2074074074074074
5 0.18723958333333332 0.22175925925925927 0.016145833333333335 0.08981481481481482
5 0.14921875 0.18935185185185185 0.013020833333333334 0.07685185185185185
5 0.14817708333333332 0.15787037037037038 0.0109375 0.06574074074074074
5 0.4153645833333333 0.06481481481481481 0.011979166666666667 0.06666666666666667
4 0.42421875 0.05092592592592592 0.015104166666666667 0.07777777777777778
3 0.053385416666666664 0.15833333333333333 0.05572916666666667 0.12407407407407407
3 0.11848958333333333 0.11666666666666667 0.08489583333333334 0.14814814814814814
3 0.26328125 0.04537037037037037 0.05364583333333333 0.08518518518518518
3 0.27760416666666665 0.1087962962962963 0.08229166666666667 0.15462962962962962
2 0.08489583333333334 0.1388888888888889 0.017708333333333333 0.05555555555555555
