5 0.6169 0.3572 0.0374 0.2135
2 0.11588541666666667 0.22175925925925927 0.06197916666666667 0.09351851851851851
2 0.03125 0.2759259259259259 0.06041666666666667 0.12037037037037036
2 0.053385416666666664 0.2671296296296296 0.08489583333333334 0.08981481481481482
1 0.3109375 0.14953703703703702 0.04791666666666667 0.07685185185185185
1 0.29140625 0.19305555555555556 0.07760416666666667 0.14166666666666666
1 0.228125 0.24166666666666667 0.13854166666666667 0.25
1 0.6575520833333334 0.09444444444444444 0.05572916666666667 0.0962962962962963
4 0.7356770833333334 0.32731481481481484 0.0359375 0.2212962962962963
4 0.26458333333333334 0.4375 0.04479166666666667 0.24722222222222223
3 0.43984375 0.05092592592592592 0.12760416666666666 0.0962962962962963
3 0.39739583333333334 0.3162037037037037 0.22395833333333334 0.5268518518518519
3 0.08072916666666667 0.44537037037037036 0.16041666666666668 0.4351851851851852
