3 0.546875 0.059722222222222225 0.046875 0.11388888888888889
3 0.5880208333333333 0.07777777777777778 0.07395833333333333 0.15555555555555556
3 0.6708333333333333 0.04953703703703704 0.13125 0.09907407407407408
3 0.7903645833333334 0.034722222222222224 0.1359375 0.06759259259259259
3 0.35546875 0.06620370370370371 0.10989583333333333 0.09537037037037037
3 0.33958333333333335 0.1787037037037037 0.05520833333333333 0.20925925925925926
3 0.2903645833333333 0.19953703703703704 0.09739583333333333 0.25092592592592594
3 0.42083333333333334 0.2574074074074074 0.19166666666666668 0.4962962962962963
3 0.49166666666666664 0.07916666666666666 0.053125 0.15648148148148147
3 0.69296875 0.4981481481481482 0.6109375 0.9962962962962963
3 0.22317708333333333 0.28379629629629627 0.12760416666666666 0.30462962962962964
3 0.07916666666666666 0.33287037037037037 0.15833333333333333 0.43796296296296294
5 0.05390625 0.6240740740740741 0.06302083333333333 0.2222222222222222
4 0.29192708333333334 0.37546296296296294 0.04635416666666667 0.21388888888888888
4 0.20078125 0.48055555555555557 0.0609375 0.2462962962962963
4 0.09791666666666667 0.449537037037037 0.04583333333333333 0.22685185185185186
