5 0.59609375 0.3449074074074074 0.025520833333333333 0.1824074074074074
5 0.13723958333333333 0.43148148148148147 0.034895833333333334 0.17407407407407408
4 0.734375 0.31666666666666665 0.036458333333333336 0.2351851851851852
3 0.5658854166666667 0.06805555555555555 0.0453125 0.1361111111111111
3 0.6263020833333334 0.08657407407407407 0.1078125 0.17314814814814813
3 0.6791666666666667 0.12777777777777777 0.153125 0.25
3 0.8640625 0.24953703703703703 0.26875 0.49907407407407406
3 0.47890625 0.11157407407407408 0.12552083333333333 0.22314814814814815
3 0.37916666666666665 0.30462962962962964 0.25416666666666665 0.5592592592592592
3 0.08125 0.3351851851851852 0.16145833333333334 0.5166666666666667
