2 0.8669270833333333 0.07037037037037037 0.0453125 0.06111111111111111
2 0.8783854166666667 0.1486111111111111 0.1015625 0.1787037037037037
2 0.9510416666666667 0.2986111111111111 0.09583333333333334 0.23981481481481481
2 0.853125 0.6226851851851852 0.2916666666666667 0.49537037037037035
2 0.4752604166666667 0.700925925925926 0.5473958333333333 0.5944444444444444
0 0.696875 0.12824074074074074 0.05 0.13240740740740742
0 0.7330729166666666 0.20185185185185187 0.05364583333333333 0.14629629629629629
0 0.8169270833333333 0.3143518518518518 0.11927083333333334 0.175
5 0.04739583333333333 0.35462962962962963 0.036458333333333336 0.1685185185185185
5 0.26145833333333335 0.2861111111111111 0.042708333333333334 0.2
5 0.5184895833333333 0.36342592592592593 0.028645833333333332 0.17685185185185184
3 0.17916666666666667 0.18981481481481483 0.3145833333333333 0.37962962962962965
3 0.5065104166666666 0.04722222222222222 0.09322916666666667 0.09444444444444444
3 0.5450520833333333 0.18287037037037038 0.20989583333333334 0.3638888888888889
3 0.6416666666666667 0.0824074074074074 0.052083333333333336 0.16296296296296298
3 0.69296875 0.04259259259259259 0.07864583333333333 0.08518518518518518
3 0.8567708333333334 0.043055555555555555 0.03854166666666667 0.08055555555555556
