5 0.8807 0.7100 0.0589 0.2525
5 0.6015625 0.14629629629629629 0.007291666666666667 0.06111111111111111
5 0.60390625 0.18796296296296297 0.009895833333333333 0.07962962962962963
5 0.6369791666666667 0.21203703703703702 0.0125 0.08333333333333333
5 0.6533854166666667 0.2513888888888889 0.0109375 0.09537037037037037
5 0.6658854166666667 0.3037037037037037 0.018229166666666668 0.1259259259259259
5 0.6932291666666667 0.35138888888888886 0.011458333333333333 0.12314814814814815
4 0.8776041666666666 0.45046296296296295 0.0375 0.17685185185185184
4 0.6190104166666667 0.18703703703703703 0.0234375 0.09444444444444444
4 0.6002604166666666 0.1388888888888889 0.011979166666666667 0.07592592592592592
2 0.9596354166666666 0.487962962962963 0.07552083333333333 0.17222222222222222
2 0.9752604166666666 0.412962962962963 0.04635416666666667 0.1111111111111111
2 0.9674479166666666 0.3527777777777778 0.06302083333333333 0.13333333333333333
2 0.9791666666666666 0.31666666666666665 0.03958333333333333 0.08703703703703704
2 0.8880208333333334 0.2865740740740741 0.06979166666666667 0.09351851851851851
2 0.75390625 0.3819444444444444 0.1328125 0.16944444444444445
2 0.7041666666666667 0.26851851851851855 0.09375 0.1
2 0.6794270833333333 0.20324074074074075 0.049479166666666664 0.075
2 0.63359375 0.1638888888888889 0.07552083333333333 0.09074074074074075
2 0.5916666666666667 0.12824074074074074 0.05625 0.06759259259259259
2 0.553125 0.14212962962962963 0.05416666666666667 0.075
2 0.7903645833333334 0.22592592592592592 0.05677083333333333 0.06666666666666667
1 0.9130208333333333 0.2967592592592593 0.06458333333333334 0.10092592592592593
1 0.9036458333333334 0.3939814814814815 0.1 0.18611111111111112
1 0.7700520833333333 0.3013888888888889 0.1078125 0.12129629629629629
1 0.7291666666666666 0.22037037037037038 0.053125 0.06111111111111111
