1 0.5497395833333333 0.12361111111111112 0.04114583333333333 0.06759259259259259
1 0.6643229166666667 0.21944444444444444 0.0671875 0.10185185185185185
5 0.61015625 0.18564814814814815 0.0109375 0.075
5 0.6182291666666667 0.2 0.009375 0.07592592592592592
5 0.6354166666666666 0.17175925925925925 0.00625 0.0712962962962963
5 0.66796875 0.2777777777777778 0.0171875 0.08703703703703704
3 0.8075520833333333 0.42453703703703705 0.3828125 0.5287037037037037
3 0.92421875 0.8342592592592593 0.1484375 0.32037037037037036
2 0.6669270833333333 0.17592592592592593 0.0703125 0.07592592592592592
2 0.8234375 0.20879629629629629 0.03333333333333333 0.04537037037037037
2 0.8703125 0.22824074074074074 0.053125 0.04537037037037037
3 0.7875 0.18333333333333332 0.06979166666666667 0.08703703703703704
2 0.5841145833333333 0.13240740740740742 0.049479166666666664 0.06851851851851852
