2 0.005989583333333334 0.300462962962963 0.011979166666666667 0.08981481481481482
2 0.08385416666666666 0.45185185185185184 0.16770833333333332 0.37037037037037035
1 0.65078125 0.08564814814814815 0.0546875 0.08796296296296297
1 0.09140625 0.30833333333333335 0.11302083333333333 0.13518518518518519
1 0.03125 0.4388888888888889 0.06145833333333333 0.27037037037037037
5 0.018489583333333334 0.5518518518518518 0.03697916666666667 0.1962962962962963
5 0.6947916666666667 0.412962962962963 0.03229166666666667 0.19814814814814816
4 0.7734375 0.3296296296296296 0.041666666666666664 0.20555555555555555
3 0.5744791666666667 0.0787037037037037 0.13229166666666667 0.1574074074074074
3 0.853125 0.30277777777777776 0.290625 0.6037037037037037
3 0.3658854166666667 0.3296296296296296 0.3567708333333333 0.6574074074074074
