5 0.4653 0.3149 0.0275 0.1655
2 0.44479166666666664 0.05416666666666667 0.042708333333333334 0.04537037037037037
2 0.48125 0.05185185185185185 0.042708333333333334 0.05
2 0.5309895833333333 0.03981481481481482 0.0359375 0.04814814814814815
2 0.6 0.038425925925925926 0.046875 0.05462962962962963
2 0.6208333333333333 0.02824074074074074 0.03229166666666667 0.032407407407407406
2 0.69921875 0.027777777777777776 0.0234375 0.040740740740740744
2 0.44140625 0.09814814814814815 0.0359375 0.06111111111111111
2 0.47161458333333334 0.11064814814814815 0.0546875 0.09907407407407408
2 0.45208333333333334 0.14907407407407408 0.058333333333333334 0.1259259259259259
2 0.41432291666666665 0.2152777777777778 0.10052083333333334 0.14537037037037037
2 0.35859375 0.29259259259259257 0.16614583333333333 0.22592592592592592
2 0.15989583333333332 0.18333333333333332 0.11666666666666667 0.1259259259259259
2 0.03984375 0.2023148148148148 0.04635416666666667 0.10277777777777777
2 0.5328125 0.08796296296296297 0.051041666666666666 0.08333333333333333
2 0.5502604166666667 0.10277777777777777 0.06302083333333333 0.0962962962962963
2 0.5294270833333333 0.13472222222222222 0.05677083333333333 0.11574074074074074
2 0.5682291666666667 0.2037037037037037 0.11770833333333333 0.1962962962962963
2 0.65078125 0.16064814814814815 0.11302083333333333 0.18425925925925926
2 0.6127604166666667 0.06898148148148148 0.044270833333333336 0.06388888888888888
2 0.5796875 0.07222222222222222 0.042708333333333334 0.06111111111111111
2 0.5984375 0.1162037037037037 0.05625 0.10092592592592593
2 0.6763020833333333 0.12129629629629629 0.06302083333333333 0.1111111111111111
2 0.7138020833333333 0.1527777777777778 0.049479166666666664 0.14814814814814814
2 0.7697916666666667 0.10972222222222222 0.07083333333333333 0.12129629629629629
2 0.7630208333333334 0.16064814814814815 0.051041666666666666 0.12314814814814815
2 0.775 0.06157407407407407 0.04583333333333333 0.05277777777777778
2 0.834375 0.10972222222222222 0.09166666666666666 0.15648148148148147
2 0.8859375 0.10833333333333334 0.07708333333333334 0.12037037037037036
2 0.7260416666666667 0.07037037037037037 0.03229166666666667 0.07777777777777778
2 0.6908854166666667 0.055092592592592596 0.0328125 0.062037037037037036
2 0.6723958333333333 0.059722222222222225 0.04583333333333333 0.06574074074074074
2 0.6513020833333333 0.08101851851851852 0.028645833333333332 0.0824074074074074
1 0.9645833333333333 0.12916666666666668 0.06458333333333334 0.09537037037037037
1 0.9794270833333333 0.10185185185185185 0.0390625 0.07962962962962963
1 0.9057291666666667 0.08657407407407407 0.041666666666666664 0.05462962962962963
0 0.25338541666666664 0.28055555555555556 0.04739583333333333 0.15925925925925927
0 0.2799479166666667 0.23796296296296296 0.0484375 0.1
0 0.2916666666666667 0.21944444444444444 0.036458333333333336 0.08148148148148149
0 0.32135416666666666 0.21157407407407408 0.052083333333333336 0.06574074074074074
0 0.16796875 0.23472222222222222 0.0390625 0.11203703703703703
5 0.6247395833333333 0.25555555555555554 0.022395833333333334 0.15185185185185185
5 0.740625 0.21574074074074073 0.022916666666666665 0.13518518518518519
5 0.784375 0.17592592592592593 0.034375 0.13703703703703704
5 0.85546875 0.15416666666666667 0.0234375 0.11018518518518519
5 0.8903645833333333 0.14305555555555555 0.0203125 0.10648148148148148
5 0.9768229166666667 0.15416666666666667 0.0140625 0.08611111111111111
5 0.9934895833333334 0.12685185185185185 0.009895833333333333 0.0962962962962963
4 0.4609375 0.27685185185185185 0.04375 0.1962962962962963
4 0.5552083333333333 0.2708333333333333 0.04791666666666667 0.19537037037037036
4 0.72890625 0.1935185185185185 0.028645833333333332 0.14629629629629629
