5 0.5958333333333333 0.1388888888888889 0.010416666666666666 0.05555555555555555
5 0.63359375 0.22407407407407406 0.015104166666666667 0.08518518518518518
5 0.6875 0.25972222222222224 0.014583333333333334 0.10462962962962963
5 0.6489583333333333 0.2861111111111111 0.019791666666666666 0.10555555555555556
5 0.765625 0.33935185185185185 0.023958333333333335 0.08611111111111111
4 0.8765625 0.40694444444444444 0.03125 0.08055555555555556
4 0.7221354166666667 0.2490740740740741 0.025520833333333333 0.09074074074074075
4 0.7627604166666667 0.2074074074074074 0.016145833333333335 0.05185185185185185
4 0.6526041666666667 0.19490740740740742 0.022916666666666665 0.10462962962962963
3 0.85703125 0.687962962962963 0.2838541666666667 0.6203703703703703
2 0.9489583333333333 0.32314814814814813 0.071875 0.1
2 0.9440104166666666 0.375 0.09114583333333333 0.12222222222222222
2 0.7919270833333333 0.38842592592592595 0.05364583333333333 0.15648148148148147
2 0.7986979166666667 0.22592592592592592 0.06822916666666666 0.05925925925925926
2 0.7854166666666667 0.25324074074074077 0.09583333333333334 0.09166666666666666
2 0.7309895833333333 0.14212962962962963 0.0390625 0.04351851851851852
2 0.7236979166666667 0.15092592592592594 0.028645833333333332 0.03888888888888889
2 0.7411458333333333 0.15833333333333333 0.025 0.053703703703703705
2 0.7286458333333333 0.18472222222222223 0.04479166666666667 0.058333333333333334
2 0.6934895833333333 0.21296296296296297 0.0359375 0.09259259259259259
2 0.6919270833333333 0.1685185185185185 0.0265625 0.06111111111111111
2 0.6213541666666667 0.15231481481481482 0.058333333333333334 0.07685185185185185
2 0.6161458333333333 0.13148148148148148 0.04479166666666667 0.06111111111111111
2 0.5390625 0.11944444444444445 0.05625 0.07962962962962963
1 0.5830729166666667 0.11851851851851852 0.04010416666666667 0.06481481481481481
1 0.76953125 0.3314814814814815 0.10572916666666667 0.17037037037037037
