5 0.5420 0.3006 0.0392 0.1895
5 0.2033 0.2779 0.0408 0.1931
0 0.7388020833333333 0.21203703703703702 0.08177083333333333 0.17037037037037037
5 0.12760416666666666 0.27546296296296297 0.026041666666666668 0.1527777777777778
2 0.8703125 0.08055555555555556 0.041666666666666664 0.07222222222222222
2 0.8713541666666667 0.12268518518518519 0.075 0.1398148148148148
2 0.940625 0.2152777777777778 0.10625 0.1675925925925926
2 0.9815104166666667 0.29212962962962963 0.034895833333333334 0.13055555555555556
2 0.9580729166666667 0.46111111111111114 0.08072916666666667 0.34629629629629627
2 0.71953125 0.6166666666666667 0.43697916666666664 0.5444444444444444
3 0.09427083333333333 0.7041666666666667 0.18645833333333334 0.5879629629629629
3 0.8721354166666667 0.04537037037037037 0.06197916666666667 0.08148148148148149
