5 0.3359 0.3573 0.0320 0.1700
2 0.0831 0.3228 0.0895 0.1719
5 0.6533854166666667 0.3162037037037037 0.024479166666666666 0.16944444444444445
5 0.80546875 0.1763888888888889 0.0203125 0.10277777777777777
5 0.83046875 0.22824074074074074 0.016145833333333335 0.08981481481481482
5 0.8721354166666667 0.1597222222222222 0.016145833333333335 0.10092592592592593
5 0.834375 0.18564814814814815 0.016666666666666666 0.10833333333333334
5 0.9807291666666667 0.16296296296296298 0.011458333333333333 0.09259259259259259
4 0.9885416666666667 0.15833333333333333 0.017708333333333333 0.10740740740740741
4 0.8536458333333333 0.11064814814814815 0.017708333333333333 0.08055555555555556
4 0.8953125 0.1087962962962963 0.022916666666666665 0.08055555555555556
4 0.69765625 0.18287037037037038 0.027604166666666666 0.14166666666666666
4 0.7158854166666667 0.22268518518518518 0.043229166666666666 0.16203703703703703
4 0.47265625 0.23703703703703705 0.033854166666666664 0.17222222222222222
3 0.94296875 0.06018518518518518 0.1109375 0.12037037037037036
3 0.4635416666666667 0.04212962962962963 0.07708333333333334 0.0824074074074074
2 0.425 0.22685185185185186 0.096875 0.16111111111111112
2 0.3575520833333333 0.29398148148148145 0.15572916666666667 0.25462962962962965
2 0.5770833333333333 0.10185185185185185 0.051041666666666666 0.10740740740740741
2 0.55234375 0.19768518518518519 0.0828125 0.1638888888888889
2 0.6138020833333333 0.2611111111111111 0.1515625 0.24259259259259258
2 0.6018229166666667 0.12777777777777777 0.06614583333333333 0.10185185185185185
2 0.6346354166666667 0.09861111111111111 0.058854166666666666 0.08611111111111111
2 0.6640625 0.07037037037037037 0.04375 0.05740740740740741
2 0.6950520833333333 0.0587962962962963 0.0390625 0.05462962962962963
2 0.7213541666666666 0.05462962962962963 0.041666666666666664 0.08703703703703704
2 0.7263020833333333 0.10833333333333334 0.030729166666666665 0.10185185185185185
2 0.6911458333333333 0.09074074074074075 0.058333333333333334 0.07222222222222222
2 0.6408854166666667 0.16296296296296298 0.10677083333333333 0.13703703703703704
2 0.78046875 0.4050925925925926 0.24635416666666668 0.3287037037037037
2 0.7611979166666667 0.08564814814814815 0.0390625 0.06018518518518518
2 0.7713541666666667 0.1476851851851852 0.06770833333333333 0.1675925925925926
2 0.8223958333333333 0.1476851851851852 0.10104166666666667 0.1361111111111111
2 0.8583333333333333 0.11574074074074074 0.06770833333333333 0.12222222222222222
2 0.9393229166666667 0.14212962962962963 0.09322916666666667 0.12129629629629629
1 0.965625 0.11157407407407408 0.06354166666666666 0.10092592592592593
0 0.0859375 0.2162037037037037 0.03333333333333333 0.075
0 0.16276041666666666 0.2273148148148148 0.0359375 0.10092592592592593
0 0.19114583333333332 0.19444444444444445 0.026041666666666668 0.08703703703703704
0 0.2375 0.25324074074074077 0.05520833333333333 0.12685185185185185
0 0.2296875 0.2824074074074074 0.04791666666666667 0.15925925925925927
0 0.2838541666666667 0.26064814814814813 0.051041666666666666 0.13240740740740742
0 0.31145833333333334 0.2273148148148148 0.035416666666666666 0.08796296296296297
0 0.33229166666666665 0.19027777777777777 0.04791666666666667 0.07314814814814814
