3 0.051041666666666666 0.14212962962962963 0.07604166666666666 0.16944444444444445
2 0.2078125 0.08564814814814815 0.025 0.06018518518518518
2 0.29583333333333334 0.15092592592592594 0.035416666666666666 0.1259259259259259
2 0.07786458333333333 0.4875 0.1296875 0.33425925925925926
2 0.23229166666666667 0.34074074074074073 0.15833333333333333 0.31851851851851853
2 0.421875 0.42453703703703705 0.2916666666666667 0.3768518518518518
2 0.8846354166666667 0.23935185185185184 0.14114583333333333 0.1675925925925926
2 0.8744791666666667 0.4986111111111111 0.165625 0.44722222222222224
0 0.5005208333333333 0.24768518518518517 0.06875 0.14537037037037037
0 0.33619791666666665 0.2671296296296296 0.05677083333333333 0.10648148148148148
0 0.9684895833333333 0.3143518518518518 0.0609375 0.09907407407407408
0 0.971875 0.3597222222222222 0.05416666666666667 0.09166666666666666
0 0.9723958333333333 0.41574074074074074 0.052083333333333336 0.15
5 0.21380208333333334 0.19305555555555556 0.0171875 0.058333333333333334
5 0.1578125 0.17916666666666667 0.015625 0.09166666666666666
5 0.1390625 0.15694444444444444 0.017708333333333333 0.08055555555555556
5 0.4627604166666667 0.059722222222222225 0.0109375 0.06944444444444445
