4 0.65234375 0.2916666666666667 0.0328125 0.15
4 0.405859375 0.21041666666666667 0.02734375 0.12638888888888888
3 0.23984375 0.10902777777777778 0.0515625 0.09305555555555556
3 0.308203125 0.11875 0.07734375 0.059722222222222225
3 0.37734375 0.1125 0.078125 0.08888888888888889
3 0.48984375 0.1798611111111111 0.1984375 0.2708333333333333
3 0.679296875 0.17569444444444443 0.14765625 0.2013888888888889
3 0.7484375 0.27291666666666664 0.215625 0.33194444444444443
3 0.85390625 0.2298611111111111 0.0765625 0.2152777777777778
3 0.89453125 0.22291666666666668 0.0578125 0.15416666666666667
1 0.26015625 0.18541666666666667 0.1046875 0.12638888888888888
5 0.5640625 0.27291666666666664 0.021875 0.12638888888888888
