2 0.59453125 0.4395833333333333 0.2515625 0.2875
2 0.233984375 0.16319444444444445 0.04765625 0.09305555555555556
2 0.301953125 0.12777777777777777 0.08828125 0.06388888888888888
2 0.29921875 0.17083333333333334 0.0984375 0.1111111111111111
5 0.56328125 0.2701388888888889 0.015625 0.10972222222222222
5 0.3 0.20902777777777778 0.0140625 0.05138888888888889
4 0.386328125 0.21180555555555555 0.02578125 0.12638888888888888
4 0.227734375 0.16041666666666668 0.02265625 0.08472222222222223
4 0.242578125 0.1673611111111111 0.01640625 0.10416666666666667
3 0.848046875 0.24583333333333332 0.12109375 0.21944444444444444
