2 0.255078125 0.12638888888888888 0.07578125 0.08055555555555556
2 0.38828125 0.14166666666666666 0.0546875 0.06666666666666667
2 0.5234375 0.10902777777777778 0.0375 0.059722222222222225
2 0.646875 0.13680555555555557 0.059375 0.05694444444444444
2 0.519140625 0.2652777777777778 0.15234375 0.18611111111111112
2 0.249609375 0.17291666666666666 0.06640625 0.0875
2 0.285546875 0.2152777777777778 0.12109375 0.12222222222222222
2 0.51484375 0.17847222222222223 0.0640625 0.09027777777777778
1 0.531640625 0.1625 0.04609375 0.08055555555555556
1 0.309375 0.15 0.0890625 0.075
1 0.45234375 0.11319444444444444 0.034375 0.05138888888888889
5 0.559765625 0.2951388888888889 0.02421875 0.12361111111111112
5 0.295703125 0.22847222222222222 0.02421875 0.10138888888888889
3 0.7140625 0.29305555555555557 0.290625 0.37777777777777777
