2 0.0407 0.1810 0.0588 0.0648
2 0.23880208333333333 0.11527777777777778 0.06302083333333333 0.058333333333333334
2 0.278125 0.09768518518518518 0.05625 0.06388888888888888
2 0.025520833333333333 0.287962962962963 0.051041666666666666 0.12222222222222222
2 0.09140625 0.24675925925925926 0.1015625 0.10462962962962963
4 0.7299479166666667 0.3 0.03177083333333333 0.20185185185185187
3 0.5052083333333334 0.12916666666666668 0.053125 0.15648148148148147
3 0.5580729166666667 0.10185185185185185 0.06822916666666666 0.14074074074074075
3 0.5802083333333333 0.10648148148148148 0.09375 0.08888888888888889
3 0.6484375 0.11388888888888889 0.06770833333333333 0.1925925925925926
3 0.7190104166666667 0.14027777777777778 0.1390625 0.2490740740740741
3 0.86796875 0.2763888888888889 0.2557291666666667 0.43425925925925923
3 0.446875 0.1736111111111111 0.10833333333333334 0.2935185185185185
3 0.08359375 0.4236111111111111 0.16510416666666666 0.44907407407407407
3 0.3106770833333333 0.41203703703703703 0.32864583333333336 0.7537037037037037
1 0.5919270833333333 0.30416666666666664 0.14947916666666666 0.4027777777777778
5 0.6669270833333333 0.4703703703703704 0.022395833333333334 0.23333333333333334
