5 0.534765625 0.28125 0.02265625 0.1125
2 0.8703125 0.21180555555555555 0.040625 0.08472222222222223
2 0.659765625 0.14027777777777778 0.03671875 0.05555555555555555
2 0.6828125 0.15208333333333332 0.0375 0.07083333333333333
2 0.656640625 0.2013888888888889 0.02890625 0.07222222222222222
2 0.240625 0.14444444444444443 0.05 0.06666666666666667
2 0.2765625 0.12916666666666668 0.04375 0.05
2 0.25234375 0.20416666666666666 0.0828125 0.14166666666666666
3 0.75859375 0.23680555555555555 0.2375 0.3597222222222222
3 0.437890625 0.1909722222222222 0.35703125 0.2569444444444444
