2 0.9479166666666666 0.8513888888888889 0.09895833333333333 0.2935185185185185
2 0.8921875 0.46574074074074073 0.07916666666666666 0.17962962962962964
2 0.8903645833333333 0.3685185185185185 0.0359375 0.06481481481481481
0 0.6763020833333333 0.12268518518518519 0.0515625 0.062037037037037036
5 0.8721354166666667 0.6916666666666667 0.08072916666666667 0.17407407407407408
5 0.35130208333333335 0.09398148148148149 0.0390625 0.1527777777777778
5 0.25494791666666666 0.09305555555555556 0.044270833333333336 0.18425925925925926
4 0.9484375 0.9032407407407408 0.10104166666666667 0.18981481481481483
4 0.6247395833333333 0.12453703703703704 0.03697916666666667 0.10092592592592593
3 0.8489583333333334 0.35462962962962963 0.10625 0.21666666666666667
