0 0.3535 0.4437 0.0701 0.2307
4 0.2786458333333333 0.5472222222222223 0.04479166666666667 0.22592592592592592
4 0.36744791666666665 0.600925925925926 0.06822916666666666 0.26296296296296295
4 0.04401041666666667 0.4625 0.021354166666666667 0.10462962962962963
2 0.33125 0.2898148148148148 0.071875 0.06111111111111111
0 0.4015625 0.3263888888888889 0.04375 0.07685185185185185
0 0.47604166666666664 0.31805555555555554 0.027083333333333334 0.08055555555555556
0 0.7559895833333333 0.41435185185185186 0.05364583333333333 0.175
0 0.7973958333333333 0.4638888888888889 0.06875 0.2074074074074074
0 0.421875 0.6162037037037037 0.09375 0.27314814814814814
0 0.4401041666666667 0.5333333333333333 0.059375 0.19444444444444445
0 0.3390625 0.6050925925925926 0.075 0.25833333333333336
0 0.32265625 0.5013888888888889 0.043229166666666666 0.14351851851851852
0 0.5580729166666667 0.3925925925925926 0.04010416666666667 0.13518518518518519
0 0.5888020833333333 0.43194444444444446 0.0546875 0.20462962962962963
4 0.6408854166666667 0.37962962962962965 0.024479166666666666 0.07037037037037037
4 0.7473958333333334 0.324537037037037 0.019791666666666666 0.10648148148148148
4 0.8604166666666667 0.34675925925925927 0.026041666666666668 0.10092592592592593
