4 0.49609375 0.29259259259259257 0.03802083333333333 0.24814814814814815
4 0.29375 0.6504629629629629 0.1 0.5509259259259259
2 0.39296875 0.29814814814814816 0.1828125 0.3074074074074074
2 0.29921875 0.24027777777777778 0.03697916666666667 0.14907407407407408
2 0.057291666666666664 0.24583333333333332 0.11041666666666666 0.11203703703703703
0 0.9901041666666667 0.27685185185185185 0.017708333333333333 0.10925925925925926
5 0.52734375 0.36944444444444446 0.025520833333333333 0.2462962962962963
5 0.6015625 0.5444444444444444 0.042708333333333334 0.3425925925925926
5 0.6705729166666666 0.5231481481481481 0.049479166666666664 0.31851851851851853
2 0.15625 0.5680555555555555 0.30416666666666664 0.8564814814814815
