0 0.4951 0.2117 0.1005 0.2720
0 0.2405 0.1717 0.0610 0.1397
0 0.1507 0.2242 0.0676 0.1631
0 0.2080 0.2010 0.0554 0.1388
0 0.0956 0.2561 0.0555 0.1307
4 0.5515625 0.11203703703703703 0.022916666666666665 0.1
4 0.4205729166666667 0.2675925925925926 0.03697916666666667 0.20185185185185187
4 0.049479166666666664 0.2324074074074074 0.03229166666666667 0.08888888888888889
4 0.09791666666666667 0.14583333333333334 0.021875 0.08981481481481482
0 0.47161458333333334 0.27870370370370373 0.07239583333333334 0.2111111111111111
0 0.26927083333333335 0.15324074074074073 0.023958333333333335 0.12685185185185185
0 0.037760416666666664 0.3101851851851852 0.0703125 0.20555555555555555
