2 0.3528 0.4691 0.2010 0.4724
2 0.4015 0.2824 0.1588 0.2503
2 0.0705 0.2765 0.1391 0.1536
5 0.3958333333333333 0.6722222222222223 0.071875 0.4074074074074074
5 0.6739583333333333 0.4976851851851852 0.04791666666666667 0.3175925925925926
5 0.46119791666666665 0.34814814814814815 0.0328125 0.22962962962962963
4 0.5059895833333333 0.23472222222222222 0.0328125 0.14166666666666666
4 0.5421875 0.2791666666666667 0.03958333333333333 0.09537037037037037
1 0.7083333333333334 0.787962962962963 0.5708333333333333 0.4203703703703704
1 0.6614583333333334 0.2175925925925926 0.059375 0.17592592592592593
1 0.7091145833333333 0.28379629629629627 0.1359375 0.22685185185185186
1 0.7684895833333333 0.412962962962963 0.19739583333333333 0.3814814814814815
0 0.9895833333333334 0.2953703703703704 0.017708333333333333 0.09814814814814815
