2 0.8060 0.1953 0.1176 0.2014
2 0.1737 0.1085 0.0905 0.1187
4 0.8947916666666667 0.3143518518518518 0.057291666666666664 0.17314814814814813
4 0.9880208333333333 0.2569444444444444 0.021875 0.10648148148148148
4 0.8075520833333333 0.08657407407407407 0.0203125 0.049074074074074076
4 0.8513020833333333 0.17222222222222222 0.021354166666666667 0.13518518518518519
4 0.546875 0.16064814814814815 0.04895833333333333 0.20277777777777778
2 0.3515625 0.10416666666666667 0.10104166666666667 0.15092592592592594
2 0.014583333333333334 0.26990740740740743 0.027083333333333334 0.11574074074074074
2 0.9010416666666666 0.5462962962962963 0.19583333333333333 0.49444444444444446
0 0.5872395833333334 0.1550925925925926 0.04739583333333333 0.1787037037037037
0 0.6338541666666667 0.17777777777777778 0.06041666666666667 0.2111111111111111
0 0.6833333333333333 0.10833333333333334 0.05625 0.13333333333333333
0 0.04479166666666667 0.19907407407407407 0.041666666666666664 0.08333333333333333
