2 0.3696 0.6340 0.4530 0.5367
2 0.38984375 0.31712962962962965 0.05572916666666667 0.14166666666666666
2 0.6026041666666667 0.24027777777777778 0.084375 0.13055555555555556
2 0.6447916666666667 0.3337962962962963 0.12916666666666668 0.22685185185185186
2 0.828125 0.3226851851851852 0.12604166666666666 0.22685185185185186
2 0.7020833333333333 0.21851851851851853 0.07291666666666667 0.11296296296296296
2 0.7526041666666666 0.26296296296296295 0.12916666666666668 0.17222222222222222
2 0.7622395833333333 0.17824074074074073 0.06614583333333333 0.0712962962962963
2 0.8177083333333334 0.20092592592592592 0.0625 0.07407407407407407
0 0.8744791666666667 0.1935185185185185 0.029166666666666667 0.10185185185185185
0 0.98359375 0.3175925925925926 0.0296875 0.2037037037037037
4 0.20729166666666668 0.48333333333333334 0.053125 0.2111111111111111
4 0.3421875 0.3597222222222222 0.03958333333333333 0.13055555555555556
4 0.3875 0.34629629629629627 0.053125 0.1111111111111111
4 0.5481770833333334 0.32175925925925924 0.0484375 0.2064814814814815
4 0.8859375 0.2949074074074074 0.03958333333333333 0.175
4 0.9807291666666667 0.32037037037037036 0.028125 0.20925925925925926
