2 0.1818 0.1608 0.1267 0.1416
2 0.1117 0.1605 0.0946 0.1405
0 0.2398 0.3981 0.1390 0.2577
4 0.5760416666666667 0.2263888888888889 0.03958333333333333 0.1675925925925926
4 0.4140625 0.262037037037037 0.04375 0.2
4 0.011979166666666667 0.30277777777777776 0.023958333333333335 0.19814814814814816
2 0.47994791666666664 0.05925925925925926 0.0640625 0.07777777777777778
0 0.46640625 0.2708333333333333 0.0578125 0.21388888888888888
0 0.2671875 0.16435185185185186 0.027083333333333334 0.13055555555555556
0 0.22473958333333333 0.1736111111111111 0.07447916666666667 0.15833333333333333
0 0.16510416666666666 0.20555555555555555 0.059375 0.1388888888888889
0 0.09010416666666667 0.3055555555555556 0.15833333333333333 0.26481481481481484
