2 0.3622 0.5204 0.2562 0.5611
2 0.1671 0.2484 0.1937 0.1748
2 0.4456 0.1939 0.1564 0.1515
2 0.0363 0.2617 0.0784 0.1602
1 0.7631 0.2945 0.1420 0.2494
4 0.4510416666666667 0.2898148148148148 0.052083333333333336 0.2351851851851852
4 0.7184895833333333 0.4125 0.0828125 0.23055555555555557
2 0.36614583333333334 0.25462962962962965 0.15833333333333333 0.17592592592592593
1 0.8494791666666667 0.44722222222222224 0.190625 0.42592592592592593
0 0.9890625 0.3013888888888889 0.01875 0.12129629629629629
5 0.61484375 0.5763888888888888 0.0546875 0.3638888888888889
5 0.87734375 0.5680555555555555 0.0703125 0.325
5 0.42473958333333334 0.25462962962962965 0.021354166666666667 0.06296296296296296
