0 0.2394 0.1757 0.0587 0.1402
0 0.46067708333333335 0.08425925925925926 0.030729166666666665 0.08888888888888889
0 0.49140625 0.14305555555555555 0.04010416666666667 0.13240740740740742
0 0.4549479166666667 0.2884259259259259 0.0671875 0.23981481481481481
0 0.18645833333333334 0.19953703703703704 0.05625 0.1287037037037037
0 0.02578125 0.3402777777777778 0.050520833333333334 0.20092592592592592
0 0.09921875 0.2916666666666667 0.09010416666666667 0.2111111111111111
0 0.15494791666666666 0.2337962962962963 0.0703125 0.1398148148148148
0 0.271875 0.28379629629629627 0.025 0.15648148148148147
4 0.009114583333333334 0.2689814814814815 0.018229166666666668 0.1175925925925926
4 0.030989583333333334 0.17083333333333334 0.021354166666666667 0.05277777777777778
4 0.41067708333333336 0.27175925925925926 0.044270833333333336 0.2064814814814815
2 0.10338541666666666 0.17962962962962964 0.0578125 0.11296296296296296
4 0.7486979166666666 0.1824074074074074 0.025520833333333333 0.1111111111111111
