2 0.4147 0.4876 0.1136 0.1263
0 0.8861979166666667 0.5060185185185185 0.030729166666666665 0.14907407407407408
0 0.9377604166666667 0.4930555555555556 0.0796875 0.16574074074074074
0 0.46015625 0.5560185185185185 0.07760416666666667 0.14907407407407408
0 0.6091145833333333 0.5430555555555555 0.06302083333333333 0.16574074074074074
0 0.6513020833333333 0.5407407407407407 0.043229166666666666 0.14814814814814814
4 0.5033854166666667 0.5370370370370371 0.016145833333333335 0.16111111111111112
4 0.9580729166666667 0.8162037037037037 0.058854166666666666 0.31203703703703706
4 0.80078125 0.40370370370370373 0.025520833333333333 0.08333333333333333
2 0.7481770833333333 0.4740740740740741 0.14947916666666666 0.1111111111111111
2 0.6880208333333333 0.35555555555555557 0.05 0.05740740740740741
0 0.04375 0.7324074074074074 0.06770833333333333 0.16111111111111112
