2 0.7252 0.4842 0.1507 0.1663
0 0.1801 0.6405 0.0820 0.2256
0 0.9781 0.6787 0.0447 0.2095
0 0.7393 0.7614 0.1818 0.3046
4 0.6466145833333333 0.7305555555555555 0.04635416666666667 0.26481481481481484
4 0.8846354166666667 0.4097222222222222 0.024479166666666666 0.10462962962962963
2 0.4205729166666667 0.4898148148148148 0.1140625 0.13333333333333333
2 0.45677083333333335 0.5287037037037037 0.04583333333333333 0.1111111111111111
0 0.14114583333333333 0.7555555555555555 0.10729166666666666 0.11481481481481481
0 0.039322916666666666 0.7384259259259259 0.06197916666666667 0.15462962962962962
0 0.6057291666666667 0.6421296296296296 0.05520833333333333 0.19907407407407407
0 0.5135416666666667 0.7819444444444444 0.178125 0.28055555555555556
0 0.8684895833333334 0.7587962962962963 0.13802083333333334 0.22314814814814815
0 0.9213541666666667 0.5986111111111111 0.096875 0.19907407407407407
0 0.9721354166666667 0.5601851851851852 0.050520833333333334 0.17037037037037037
0 0.89921875 0.49675925925925923 0.059895833333333336 0.15462962962962962
0 0.9557291666666666 0.4773148148148148 0.07291666666666667 0.15648148148148147
0 0.5973958333333333 0.5453703703703704 0.05 0.15185185185185185
