2 0.3757 0.3227 0.2054 0.5910
2 0.07421875 0.2162037037037037 0.14427083333333332 0.22685185185185186
2 0.06197916666666667 0.6597222222222222 0.12291666666666666 0.5212962962962963
1 0.7927083333333333 0.4759259259259259 0.16041666666666668 0.45740740740740743
0 0.9880208333333333 0.29768518518518516 0.021875 0.11574074074074074
5 0.521875 0.3597222222222222 0.035416666666666666 0.23981481481481481
5 0.59765625 0.5680555555555555 0.0546875 0.3509259259259259
5 0.75390625 0.5638888888888889 0.07135416666666666 0.3296296296296296
4 0.6815104166666667 0.37962962962962965 0.06197916666666667 0.29259259259259257
1 0.69375 0.2884259259259259 0.11666666666666667 0.25277777777777777
1 0.6528645833333333 0.1726851851851852 0.044270833333333336 0.09537037037037037
