0 0.1994 0.1846 0.0633 0.1576
0 0.5573 0.2643 0.1068 0.2521
0 0.4541 0.2850 0.0750 0.2366
0 0.6492 0.2508 0.0694 0.1720
0 0.2540 0.1774 0.0567 0.1369
0 0.49973958333333335 0.2023148148148148 0.06197916666666667 0.21944444444444444
0 0.5205729166666667 0.06666666666666667 0.04010416666666667 0.07222222222222222
0 0.109375 0.2587962962962963 0.125 0.30833333333333335
4 0.2609375 0.29305555555555557 0.04479166666666667 0.21574074074074073
4 0.4265625 0.2708333333333333 0.042708333333333334 0.20462962962962963
4 0.017447916666666667 0.23287037037037037 0.030729166666666665 0.08425925925925926
0 0.027604166666666666 0.31666666666666665 0.053125 0.18333333333333332
4 0.6528645833333333 0.13935185185185187 0.033854166666666664 0.11944444444444445
2 0.09583333333333334 0.12037037037037036 0.053125 0.08703703703703704
