3 0.0434 0.5199 0.0871 0.3971
2 0.0809 0.6596 0.1664 0.3088
0 0.7536458333333333 0.4199074074074074 0.06666666666666667 0.18425925925925926
0 0.6091145833333333 0.4425925925925926 0.06302083333333333 0.18333333333333332
0 0.5809895833333333 0.4101851851851852 0.03802083333333333 0.14814814814814814
0 0.2986979166666667 0.6259259259259259 0.08072916666666667 0.2777777777777778
0 0.415625 0.5268518518518519 0.07395833333333333 0.18888888888888888
0 0.34427083333333336 0.5439814814814815 0.06041666666666667 0.22870370370370371
4 0.28151041666666665 0.5125 0.0328125 0.14351851851851852
4 0.2981770833333333 0.4703703703703704 0.030729166666666665 0.1111111111111111
4 0.65 0.44675925925925924 0.03854166666666667 0.19166666666666668
4 0.7966145833333333 0.33287037037037037 0.0171875 0.11018518518518519
2 0.14661458333333333 0.44537037037037036 0.0328125 0.12222222222222222
4 0.16484375 0.5611111111111111 0.030729166666666665 0.15925925925925927
0 0.35651041666666666 0.4615740740740741 0.07864583333333333 0.21944444444444444
