2 0.0922 0.6217 0.1640 0.3000
0 0.4758 0.5206 0.1168 0.2095
0 0.9161458333333333 0.9319444444444445 0.159375 0.1287037037037037
0 0.74140625 0.41805555555555557 0.04739583333333333 0.17685185185185184
0 0.7807291666666667 0.4648148148148148 0.057291666666666664 0.1962962962962963
0 0.6114583333333333 0.4666666666666667 0.05520833333333333 0.18703703703703703
0 0.575 0.40370370370370373 0.041666666666666664 0.1574074074074074
0 0.3223958333333333 0.6027777777777777 0.065625 0.2722222222222222
0 0.39947916666666666 0.40046296296296297 0.071875 0.1935185185185185
0 0.34479166666666666 0.4824074074074074 0.06979166666666667 0.2351851851851852
4 0.14479166666666668 0.611574074074074 0.046875 0.2064814814814815
4 0.25338541666666664 0.5726851851851852 0.04739583333333333 0.22870370370370371
4 0.30625 0.5087962962962963 0.026041666666666668 0.20277777777777778
4 0.6231770833333333 0.41064814814814815 0.028645833333333332 0.16574074074074074
