2 0.3701 0.3528 0.1535 0.2291
2 0.6241 0.1664 0.0943 0.0894
0 0.9893229166666667 0.3277777777777778 0.016145833333333335 0.17407407407407408
4 0.6341145833333334 0.2574074074074074 0.025520833333333333 0.15185185185185185
4 0.6046875 0.26296296296296295 0.025 0.15555555555555556
4 0.5971354166666667 0.25324074074074077 0.0265625 0.16203703703703703
4 0.9041666666666667 0.32592592592592595 0.0375 0.2074074074074074
4 0.91328125 0.31666666666666665 0.022395833333333334 0.18703703703703703
4 0.9729166666666667 0.28564814814814815 0.016666666666666666 0.1527777777777778
4 0.9864583333333333 0.33101851851851855 0.01875 0.1935185185185185
