1 0.2726 0.3014 0.0948 0.1814
2 0.8098958333333334 0.1675925925925926 0.078125 0.07592592592592592
2 0.7604166666666666 0.2361111111111111 0.07291666666666667 0.14444444444444443
2 0.7325520833333333 0.18611111111111112 0.06510416666666667 0.10925925925925926
2 0.45338541666666665 0.2050925925925926 0.033854166666666664 0.09166666666666666
2 0.5231770833333333 0.22962962962962963 0.12135416666666667 0.12222222222222222
1 0.725 0.13796296296296295 0.04479166666666667 0.05740740740740741
1 0.7739583333333333 0.14444444444444443 0.04791666666666667 0.07037037037037037
0 0.06796875 0.9254629629629629 0.1359375 0.14537037037037037
5 0.22708333333333333 0.30833333333333335 0.021875 0.13518518518518519
5 0.4640625 0.21157407407407408 0.016666666666666666 0.05277777777777778
4 0.21067708333333332 0.2601851851851852 0.0234375 0.13518518518518519
4 0.17838541666666666 0.2675925925925926 0.03177083333333333 0.12037037037037036
