2 0.7259 0.2425 0.1070 0.1464
2 0.7527 0.1988 0.0866 0.1267
2 0.7949 0.1660 0.0751 0.1074
1 0.5806 0.3368 0.1192 0.2133
1 0.4158 0.3157 0.1021 0.1926
1 0.2850 0.2959 0.0772 0.1906
0 0.06692708333333333 0.9319444444444445 0.1328125 0.1287037037037037
0 0.31744791666666666 0.9722222222222222 0.06510416666666667 0.04814814814814815
5 0.25338541666666664 0.28379629629629627 0.016145833333333335 0.09166666666666666
4 0.5067708333333333 0.2037037037037037 0.023958333333333335 0.06111111111111111
2 0.7515625 0.0962962962962963 0.058333333333333334 0.06111111111111111
2 0.5145833333333333 0.19537037037037036 0.13854166666666667 0.08518518518518518
