2 0.4188 0.4891 0.1198 0.1303
2 0.903125 0.42685185185185187 0.06666666666666667 0.1111111111111111
2 0.740625 0.412962962962963 0.134375 0.07407407407407407
2 0.7442708333333333 0.43842592592592594 0.1375 0.10462962962962963
2 0.3182291666666667 0.4537037037037037 0.06354166666666666 0.11851851851851852
2 0.3924479166666667 0.42314814814814816 0.07552083333333333 0.07407407407407407
0 0.43645833333333334 0.5541666666666667 0.07395833333333333 0.175
0 0.6151041666666667 0.55 0.07708333333333334 0.16111111111111112
0 0.8942708333333333 0.5027777777777778 0.04375 0.15555555555555556
0 0.940625 0.5078703703703704 0.07708333333333334 0.15648148148148147
4 0.45260416666666664 0.5467592592592593 0.03229166666666667 0.15462962962962962
4 0.5942708333333333 0.4981481481481482 0.029166666666666667 0.08888888888888889
4 0.6505208333333333 0.6439814814814815 0.03958333333333333 0.21574074074074073
