2 0.2688 0.4258 0.2419 0.3113
2 0.5672 0.4545 0.2672 0.3846
2 0.6735 0.2998 0.1280 0.2116
0 0.8958333333333334 0.21712962962962962 0.025 0.10648148148148148
0 0.984375 0.30462962962962964 0.028125 0.15925925925925927
0 0.24869791666666666 0.27824074074074073 0.0328125 0.08981481481481482
0 0.13489583333333333 0.30648148148148147 0.034375 0.05925925925925926
4 0.3846354166666667 0.4273148148148148 0.0453125 0.2564814814814815
4 0.39791666666666664 0.31851851851851853 0.026041666666666668 0.06481481481481481
4 0.4153645833333333 0.43425925925925923 0.0421875 0.2611111111111111
4 0.4484375 0.35138888888888886 0.03125 0.16574074074074074
4 0.46510416666666665 0.37407407407407406 0.0375 0.15
4 0.9158854166666667 0.31712962962962965 0.0390625 0.18981481481481483
4 0.5799479166666667 0.20787037037037037 0.021354166666666667 0.10462962962962963
4 0.60234375 0.2064814814814815 0.022395833333333334 0.10185185185185185
