2 0.3425 0.5481 0.2703 0.5990
2 0.2060 0.2483 0.1899 0.1689
2 0.3933 0.2813 0.1665 0.2400
2 0.0457 0.2813 0.0894 0.1463
4 0.53203125 0.4166666666666667 0.0640625 0.36666666666666664
1 0.6989583333333333 0.29444444444444445 0.13125 0.27037037037037037
0 0.98828125 0.28425925925925927 0.021354166666666667 0.1
5 0.35911458333333335 0.7537037037037037 0.0953125 0.4462962962962963
5 0.6471354166666666 0.5180555555555556 0.05260416666666667 0.33425925925925926
5 0.45286458333333335 0.32314814814814813 0.027604166666666666 0.17037037037037037
