2 0.0309 0.6010 0.0640 0.2375
0 0.7653 0.4061 0.0870 0.2170
0 0.4662 0.3347 0.0509 0.1021
0 0.5506 0.3656 0.0704 0.1508
0 0.3719 0.4007 0.0839 0.1893
0 0.5965 0.4013 0.0739 0.2002
0 0.3345 0.5255 0.0576 0.1872
4 0.25442708333333336 0.5916666666666667 0.0609375 0.22407407407407406
4 0.24791666666666667 0.5037037037037037 0.03125 0.08333333333333333
4 0.2890625 0.5342592592592592 0.04791666666666667 0.20555555555555555
4 0.04635416666666667 0.4398148148148148 0.013541666666666667 0.06296296296296296
4 0.01484375 0.612037037037037 0.0296875 0.15
4 0.7536458333333333 0.42314814814814816 0.023958333333333335 0.17037037037037037
4 0.6234375 0.425462962962963 0.03229166666666667 0.1787037037037037
2 0.5518229166666667 0.2824074074074074 0.08489583333333334 0.07592592592592592
2 0.1484375 0.5106481481481482 0.052083333333333336 0.15648148148148147
2 0.09635416666666667 0.4898148148148148 0.10833333333333334 0.15
2 0.08932291666666667 0.6796296296296296 0.17135416666666667 0.3111111111111111
0 0.5338541666666666 0.9398148148148148 0.16979166666666667 0.11296296296296296
0 0.9395833333333333 0.6268518518518519 0.115625 0.3425925925925926
0 0.38619791666666664 0.6652777777777777 0.09947916666666666 0.30462962962962964
0 0.415625 0.6074074074074074 0.06666666666666667 0.24074074074074073
