2 0.3123 0.1402 0.1377 0.1727
2 0.8241 0.2042 0.1139 0.2075
4 0.4791666666666667 0.2412037037037037 0.057291666666666664 0.15462962962962962
4 0.77578125 0.09675925925925925 0.018229166666666668 0.09166666666666666
4 0.8619791666666666 0.1648148148148148 0.029166666666666667 0.10740740740740741
4 0.9807291666666667 0.3111111111111111 0.036458333333333336 0.19444444444444445
2 0.36953125 0.08842592592592592 0.0640625 0.11944444444444445
2 0.97578125 0.16111111111111112 0.03177083333333333 0.07592592592592592
0 0.17395833333333333 0.10416666666666667 0.04895833333333333 0.10277777777777777
0 0.04453125 0.20416666666666666 0.04114583333333333 0.09351851851851851
0 0.8234375 0.09537037037037037 0.04479166666666667 0.07592592592592592
