2 0.2086 0.2389 0.2054 0.1875
2 0.3218 0.6031 0.2780 0.7702
2 0.0485 0.2845 0.0961 0.1376
2 0.3871 0.2620 0.1717 0.3557
1 0.8125 0.4499 0.1863 0.4050
5 0.37994791666666666 0.8023148148148148 0.0640625 0.38425925925925924
5 0.8395833333333333 0.575925925925926 0.065625 0.34444444444444444
4 0.5557291666666667 0.5972222222222222 0.06666666666666667 0.4537037037037037
4 0.6880208333333333 0.3592592592592593 0.046875 0.3074074074074074
4 0.4908854166666667 0.25324074074074077 0.0453125 0.21388888888888888
0 0.9880208333333333 0.28379629629629627 0.021875 0.10833333333333334
