2 0.5843 0.3570 0.1460 0.2185
2 0.7448 0.5322 0.2233 0.3596
2 0.4206 0.2666 0.1595 0.1348
2 0.1822 0.3036 0.1538 0.1504
2 0.0123 0.3577 0.0264 0.1561
0 0.9611979166666667 0.36157407407407405 0.07239583333333334 0.09351851851851851
5 0.8479166666666667 0.6226851851851852 0.04583333333333333 0.21944444444444444
5 0.8231770833333333 0.39861111111111114 0.016145833333333335 0.05462962962962963
5 0.6375 0.4097222222222222 0.029166666666666667 0.16574074074074074
4 0.7270833333333333 0.3055555555555556 0.020833333333333332 0.12962962962962962
4 0.8442708333333333 0.46805555555555556 0.035416666666666666 0.18611111111111112
4 0.86484375 0.40046296296296297 0.03697916666666667 0.09722222222222222
