2 0.5698 0.4331 0.2444 0.3968
2 0.8161 0.2096 0.0735 0.1200
4 0.059375 0.4050925925925926 0.022916666666666665 0.10277777777777777
4 0.0734375 0.44907407407407407 0.041666666666666664 0.17407407407407408
4 0.40729166666666666 0.4393518518518518 0.053125 0.21944444444444444
4 0.5020833333333333 0.32916666666666666 0.03958333333333333 0.13055555555555556
4 0.9213541666666667 0.3175925925925926 0.029166666666666667 0.17962962962962964
2 0.21354166666666666 0.2949074074074074 0.06354166666666666 0.09166666666666666
2 0.26666666666666666 0.26342592592592595 0.071875 0.08981481481481482
0 0.18125 0.4078703703703704 0.084375 0.18796296296296297
0 0.8921875 0.2 0.030208333333333334 0.09814814814814815
0 0.97734375 0.22083333333333333 0.022395833333333334 0.0824074074074074
0 0.984375 0.3074074074074074 0.029166666666666667 0.17407407407407408
4 0.9825520833333333 0.3050925925925926 0.028645833333333332 0.19166666666666668
