2 0.0425 0.5647 0.0875 0.2510
2 0.1362 0.3884 0.0633 0.1016
0 0.15078125 0.6814814814814815 0.12760416666666666 0.25555555555555554
0 0.23958333333333334 0.7513888888888889 0.15416666666666667 0.28055555555555556
0 0.74453125 0.41574074074074074 0.05260416666666667 0.1685185185185185
0 0.5109375 0.30462962962962964 0.0375 0.07962962962962963
0 0.5302083333333333 0.3611111111111111 0.040625 0.11481481481481481
0 0.3385416666666667 0.5453703703703704 0.07916666666666666 0.2351851851851852
0 0.3984375 0.35138888888888886 0.029166666666666667 0.09907407407407408
0 0.3765625 0.36666666666666664 0.028125 0.1
0 0.35963541666666665 0.41064814814814815 0.05260416666666667 0.1787037037037037
0 0.59765625 0.4287037037037037 0.05677083333333333 0.1685185185185185
0 0.5645833333333333 0.3875 0.04583333333333333 0.15462962962962962
4 0.30104166666666665 0.5157407407407407 0.03854166666666667 0.2111111111111111
4 0.11015625 0.43472222222222223 0.021354166666666667 0.09351851851851851
4 0.6221354166666667 0.4212962962962963 0.034895833333333334 0.17407407407407408
4 0.0171875 0.44814814814814813 0.025 0.053703703703703705
4 0.721875 0.4134259259259259 0.014583333333333334 0.14537037037037037
