2 0.0735 0.2667 0.1454 0.1588
2 0.2189 0.2255 0.1261 0.1498
1 0.8409 0.4722 0.1877 0.4523
4 0.6130208333333333 0.5925925925925926 0.09895833333333333 0.45555555555555555
4 0.7044270833333334 0.3888888888888889 0.06302083333333333 0.32222222222222224
2 0.2890625 0.5375 0.31145833333333334 0.8564814814814815
2 0.384375 0.3074074074074074 0.15 0.2574074074074074
1 0.69609375 0.2851851851851852 0.12239583333333333 0.25
5 0.5109375 0.3194444444444444 0.027083333333333334 0.2111111111111111
5 0.8559895833333333 0.6106481481481482 0.08072916666666667 0.3527777777777778
0 0.9890625 0.29305555555555557 0.019791666666666666 0.10462962962962963
