2 0.2743 0.1107 0.0896 0.1361
2 0.8293 0.2558 0.1464 0.2586
2 0.1996 0.0889 0.0797 0.1089
2 0.7794 0.1455 0.1030 0.1635
4 0.51875 0.16944444444444445 0.05 0.20185185185185187
4 0.78671875 0.06712962962962964 0.015104166666666667 0.028703703703703703
4 0.87109375 0.16574074074074074 0.022395833333333334 0.08703703703703704
4 0.9583333333333334 0.30925925925925923 0.03854166666666667 0.19814814814814816
2 0.39427083333333335 0.06296296296296296 0.01875 0.08518518518518518
2 0.016927083333333332 0.25416666666666665 0.0328125 0.13796296296296295
0 0.37395833333333334 0.0824074074074074 0.0375 0.08518518518518518
0 0.5932291666666667 0.0962962962962963 0.08125 0.0962962962962963
0 0.041666666666666664 0.2013888888888889 0.05 0.0824074074074074
2 0.9755208333333333 0.23796296296296296 0.04583333333333333 0.1962962962962963
0 0.14505208333333333 0.12962962962962962 0.043229166666666666 0.08703703703703704
