0 0.7667 0.4141 0.0587 0.2041
0 0.42942708333333335 0.5523148148148148 0.08489583333333334 0.22870370370370371
0 0.12421875 0.7648148148148148 0.10572916666666667 0.27037037037037037
0 0.5200520833333333 0.37824074074074077 0.043229166666666666 0.13240740740740742
0 0.5591145833333333 0.4 0.0484375 0.12407407407407407
0 0.6005208333333333 0.43657407407407406 0.058333333333333334 0.16574074074074074
0 0.33984375 0.5356481481481481 0.06302083333333333 0.21574074074074073
0 0.33541666666666664 0.4310185185185185 0.04375 0.13240740740740742
4 0.2518229166666667 0.5796296296296296 0.058854166666666666 0.2351851851851852
4 0.29296875 0.5412037037037037 0.0546875 0.22685185185185186
4 0.07942708333333333 0.4439814814814815 0.021354166666666667 0.11203703703703703
4 0.6239583333333333 0.4203703703703704 0.0375 0.17222222222222222
4 0.7294270833333333 0.4361111111111111 0.025520833333333333 0.17407407407407408
2 0.3296875 0.2875 0.06770833333333333 0.06759259259259259
0 0.8364583333333333 0.362962962962963 0.059375 0.1111111111111111
0 0.16614583333333333 0.5810185185185185 0.03125 0.1712962962962963
