0 0.1451 0.2123 0.0639 0.1491
0 0.1796 0.1835 0.0528 0.1478
0 0.46979166666666666 0.2722222222222222 0.06875 0.22037037037037038
0 0.5010416666666667 0.22268518518518518 0.04479166666666667 0.1787037037037037
0 0.26458333333333334 0.1476851851851852 0.034375 0.12314814814814815
0 0.23229166666666667 0.16944444444444445 0.059375 0.13333333333333333
0 0.07604166666666666 0.3148148148148148 0.15104166666666666 0.24814814814814815
4 0.43046875 0.25046296296296294 0.043229166666666666 0.1935185185185185
4 0.011197916666666667 0.2773148148148148 0.018229166666666668 0.11388888888888889
4 0.07786458333333333 0.16064814814814815 0.0109375 0.10277777777777777
