2 0.0789 0.6459 0.1619 0.2802
0 0.5371 0.3770 0.0536 0.1381
2 0.13854166666666667 0.3675925925925926 0.03958333333333333 0.07222222222222222
4 0.13776041666666666 0.6194444444444445 0.05364583333333333 0.21296296296296297
4 0.2794270833333333 0.5652777777777778 0.0609375 0.23981481481481481
4 0.6239583333333333 0.42314814814814816 0.03854166666666667 0.17777777777777778
0 0.34375 0.537962962962963 0.06458333333333334 0.22407407407407406
0 0.3575520833333333 0.44907407407407407 0.0453125 0.16111111111111112
0 0.5932291666666667 0.4287037037037037 0.05520833333333333 0.2111111111111111
2 0.14895833333333333 0.5199074074074074 0.053125 0.17685185185185184
4 0.012239583333333333 0.525 0.0234375 0.15
4 0.3046875 0.5254629629629629 0.036458333333333336 0.2175925925925926
